0,0,0,0,1,0
1,0,0,1,1,1
2,0,0,0,0,1
3,0,0,0,0,1
4,0,0,0,0,1
5,1,0,0,0,1
6,0,0,0,0,1
7,1,0,1,1,0
8,0,0,0,0,0
9,0,0,0,1,1
10,0,0,1,1,1
11,0,0,0,1,1
12,0,0,0,1,1
13,0,0,0,1,1
14,0,1,0,1,1
15,1,0,0,1,1
16,0,0,0,0,1
17,0,0,1,1,1
18,1,0,0,1,1
19,1,0,0,1,0
20,0,0,1,1,0
21,0,0,0,0,0
22,0,0,0,1,0
23,0,0,0,1,1
24,0,0,0,1,1
25,0,0,1,1,1
26,1,0,0,0,0
27,0,0,0,1,1
28,0,0,0,1,1
29,0,0,0,1,0
30,0,0,0,1,1
31,0,1,0,1,1
32,0,1,1,1,1
33,1,0,0,1,0
34,0,0,0,0,0
35,0,0,0,0,0
36,0,0,0,1,1
37,0,0,0,0,1
38,0,0,0,0,1
39,0,0,0,1,0
40,0,0,0,1,0
41,0,0,0,1,1
42,0,0,0,1,0
43,0,0,0,0,1
44,0,0,0,0,0
45,0,0,0,0,1
46,0,1,0,1,0
47,0,0,0,1,1
48,0,0,0,0,1
49,0,0,0,1,1
50,0,0,1,1,1
51,0,0,0,0,1
52,0,0,0,1,1
53,1,0,0,1,0
54,0,0,0,1,1
55,0,0,0,1,1
56,1,0,0,1,0
57,0,0,0,1,0
58,0,0,0,1,0
59,0,0,1,1,1
60,0,0,0,0,1
61,0,0,0,1,0
62,0,0,0,1,0
63,0,0,0,0,0
64,1,0,0,1,0
65,0,0,1,0,1
66,1,0,0,1,1
67,0,0,0,1,0
68,0,0,0,1,1
69,1,0,0,1,0
70,0,0,0,1,0
71,1,0,0,0,1
72,0,1,0,0,1
73,0,0,0,0,1
74,0,0,0,1,1
75,1,0,0,0,0
76,0,1,0,1,0
77,0,0,0,1,0
78,0,0,0,1,1
79,0,0,1,1,0
80,0,0,0,0,0
81,0,0,0,1,1
82,0,0,0,1,1
83,0,0,0,1,1
84,1,0,0,1,1
85,0,0,0,1,1
86,0,0,0,0,1
87,0,0,0,0,1
88,0,1,0,1,0
89,0,0,0,1,1
90,0,0,0,1,0
91,0,0,0,0,0
92,0,0,0,0,0
93,0,0,1,1,0
94,0,1,0,1,0
95,0,1,0,1,0
96,0,1,0,0,1
97,0,0,0,0,1
98,0,0,0,1,0
99,0,0,0,0,1
100,0,0,0,1,0
101,0,0,0,1,1
102,1,0,0,0,0
103,0,0,0,1,0
104,0,0,0,0,0
105,0,0,0,0,0
106,0,0,1,1,0
107,0,0,0,1,0
108,0,0,0,1,0
109,1,0,0,0,1
110,0,0,0,1,0
111,1,0,0,1,0
112,0,0,0,1,1
113,0,0,1,1,0
114,0,0,0,1,0
115,0,0,0,1,1
116,0,0,0,1,1
117,0,0,0,1,0
118,0,0,0,1,1
119,0,0,0,1,0
120,0,0,1,1,1
121,0,0,0,1,1
122,0,1,0,0,0
123,0,0,0,1,0
124,1,0,0,1,0
125,0,0,0,1,0
126,0,1,0,1,0
127,1,0,0,1,0
128,1,0,0,0,0
129,0,0,0,1,1
130,0,0,0,1,0
131,0,0,0,0,0
132,0,1,0,0,1
133,0,1,0,1,1
134,0,0,0,1,1
135,1,0,0,1,1
136,0,1,0,1,0
137,0,0,0,1,0
138,0,0,0,1,0
139,0,0,0,0,1
140,0,0,0,1,1
141,0,0,0,0,0
142,0,0,0,1,0
143,0,0,0,1,0
144,0,1,0,1,1
145,0,0,0,1,0
146,0,1,0,1,0
147,0,0,0,1,1
148,0,1,0,0,0
149,1,0,0,1,1
150,0,0,0,1,1
151,0,0,0,0,0
152,0,0,0,0,0
153,0,0,0,1,0
154,1,0,0,1,0
155,0,1,0,1,1
156,0,0,0,1,1
157,1,0,0,0,1
158,0,0,0,1,1
159,1,0,0,1,1
160,0,0,1,1,0
161,0,0,0,0,1
162,0,0,0,1,1
163,0,0,0,0,1
164,0,0,0,1,0
165,0,0,0,1,1
166,0,0,1,1,1
167,0,0,0,1,1
168,0,0,0,1,1
169,0,0,0,1,0
170,0,0,0,0,0
171,1,0,0,1,0
172,0,0,0,1,1
173,0,0,0,1,0
174,0,0,0,0,1
175,0,0,0,1,1
176,1,0,0,0,1
177,0,0,0,1,0
178,0,0,0,1,0
179,1,0,0,1,1
180,0,0,0,0,1
181,0,0,1,0,0
182,0,0,0,0,0
183,0,0,0,1,1
184,0,0,0,0,1
185,0,1,0,0,1
186,0,1,0,1,0
187,0,0,0,1,1
188,0,0,0,1,1
189,0,0,0,1,1
190,0,0,0,1,1
191,0,0,0,1,0
192,0,0,0,1,0
193,0,0,1,0,0
194,0,1,0,1,0
195,0,1,0,1,1
196,0,0,0,1,1
197,0,1,0,1,1
198,0,0,0,1,1
199,0,0,0,1,0
200,0,0,0,1,1
201,0,0,0,1,1
202,0,0,0,0,1
203,1,0,0,0,0
204,1,0,0,1,1
205,0,0,0,1,0
206,0,0,0,0,1
207,0,0,0,0,0
208,0,0,0,0,0
209,0,1,0,1,0
210,0,0,1,1,1
211,0,0,0,0,0
212,0,0,0,1,1
213,0,0,1,1,1
214,0,0,0,1,1
215,0,1,1,1,1
216,0,0,0,1,0
217,0,1,0,1,1
218,0,0,0,1,1
219,0,0,1,0,0
220,0,1,0,1,1
221,0,0,0,0,1
222,0,0,0,1,1
223,0,1,0,1,0
224,0,0,0,1,0
225,0,1,0,1,1
226,0,0,0,1,0
227,0,0,0,1,0
228,0,0,0,1,1
229,0,1,0,1,1
230,0,0,0,0,1
231,0,0,0,1,1
232,0,0,0,0,0
233,1,0,0,0,0
234,0,0,0,0,1
235,0,0,0,1,1
236,1,0,0,1,0
237,0,0,0,0,0
238,0,0,0,0,0
239,0,0,0,1,1
240,0,0,0,1,0
241,0,0,1,1,1
242,1,0,0,1,1
243,0,0,0,1,0
244,0,0,0,1,0
245,0,0,0,1,0
246,1,0,0,0,1
247,0,0,0,1,0
248,0,0,0,1,1
249,0,0,0,1,1
250,0,0,0,0,0
251,0,0,1,0,0
252,1,0,0,0,0
253,0,0,0,0,0
254,0,0,0,1,1
255,0,0,0,1,1
256,1,1,0,0,1
257,1,0,0,1,0
258,0,1,0,1,0
259,1,0,0,1,0
260,0,0,0,1,1
261,0,1,0,0,0
262,0,0,0,0,1
263,0,0,0,1,1
264,0,0,0,0,1
265,0,1,0,1,0
266,0,0,0,1,0
267,1,0,1,1,1
268,0,0,0,1,0
269,0,0,0,1,1
270,0,0,0,1,1
271,0,1,0,1,1
272,0,0,0,1,1
273,1,0,0,0,0
274,0,0,0,1,0
275,1,0,0,1,0
276,1,0,0,1,1
277,0,0,0,1,1
278,0,0,0,1,0
279,1,0,0,1,1
280,1,0,0,1,0
281,0,0,0,1,1
282,1,0,0,0,1
283,0,0,0,1,0
284,0,0,0,1,1
285,0,0,0,1,0
286,0,0,0,1,1
287,1,0,1,1,1
288,0,0,0,0,0
289,0,0,0,1,0
290,0,0,0,1,1
291,0,1,0,1,0
292,1,0,0,1,0
293,0,0,0,0,1
294,0,1,0,1,1
295,1,0,0,1,0
296,0,0,0,1,1
297,0,0,0,1,1
298,0,0,0,1,1
299,0,0,1,1,1
300,0,0,0,1,1
301,0,0,0,0,0
302,0,0,0,1,0
303,1,0,0,1,0
304,0,0,0,1,1
305,1,0,0,1,0
306,1,0,0,1,0
307,1,0,1,1,0
308,0,0,0,0,0
309,0,0,0,1,1
310,0,1,0,1,0
311,1,0,0,0,0
312,0,0,1,0,1
313,0,0,1,1,1
314,1,0,0,1,1
315,0,0,0,1,0
316,0,0,0,1,0
317,0,0,0,0,0
318,1,0,0,1,1
319,0,0,0,1,0
320,0,1,1,1,1
321,0,1,0,1,0
322,0,0,0,1,1
323,0,1,0,1,1
324,0,0,0,1,0
325,1,0,0,1,1
326,0,1,0,1,0
327,0,0,0,1,0
328,0,0,1,0,1
329,1,0,0,1,1
330,0,0,0,1,0
331,0,0,1,1,0
332,0,0,0,0,1
333,0,0,0,0,1
334,0,1,0,1,0
335,0,0,0,1,1
336,0,0,0,1,1
337,0,0,0,0,0
338,0,0,0,1,0
339,0,0,1,0,0
340,0,1,0,0,0
341,0,0,0,1,1
342,0,0,0,1,0
343,0,1,0,0,1
344,0,0,0,1,0
345,0,0,0,1,1
346,0,0,0,1,1
347,0,1,0,1,1
348,0,0,0,1,1
349,0,0,0,1,0
350,0,1,0,1,0
351,0,0,0,1,0
352,0,0,0,0,0
353,1,0,0,1,0
354,0,0,1,1,0
355,0,1,0,0,0
356,0,0,0,0,1
357,0,0,0,1,1
358,0,0,0,1,1
359,0,0,1,1,1
360,0,0,0,1,1
361,0,0,0,1,0
362,0,0,0,1,1
363,0,0,0,1,1
364,0,0,0,0,0
365,0,0,0,1,0
366,0,1,0,1,0
367,0,0,1,1,0
368,0,0,0,0,0
369,0,0,0,1,0
370,0,0,0,1,1
371,0,0,0,0,0
372,0,0,0,1,1
373,0,0,0,0,0
374,0,1,0,1,1
375,0,0,0,1,1
376,0,0,0,1,0
377,0,0,0,0,0
378,0,0,0,1,1
379,1,0,1,0,0
380,0,0,0,1,0
381,0,1,0,0,1
382,0,0,0,1,0
383,0,0,0,0,1
384,0,0,1,1,1
385,0,0,0,1,1
386,0,1,0,1,1
387,0,0,0,0,0
388,0,0,0,1,1
389,0,1,0,1,0
390,0,1,1,1,0
391,0,0,0,1,1
392,0,0,0,1,0
393,0,0,0,1,1
394,0,0,0,1,1
395,0,0,0,0,0
396,0,0,0,0,0
397,0,0,0,0,0
398,0,0,1,1,1
399,0,0,0,1,0
400,0,0,0,1,1
401,0,0,0,1,0
402,1,0,0,1,1
403,0,0,1,1,1
404,0,0,0,1,1
405,0,0,0,0,1
406,0,0,0,1,1
407,0,0,0,1,0
408,0,0,0,1,1
409,0,0,0,1,1
410,0,0,1,0,1
411,0,0,1,0,1
412,0,0,0,1,0
413,0,0,0,0,1
414,0,0,0,1,1
415,0,0,1,1,1
416,0,1,0,1,0
417,0,0,0,1,1
418,1,0,0,1,0
419,0,0,0,0,0
420,1,0,0,0,0
421,0,0,1,1,0
422,0,0,0,1,1
423,0,1,1,1,1
424,0,0,0,1,1
425,0,0,0,1,0
426,0,0,0,1,0
427,0,1,0,1,0
428,0,0,0,1,1
429,0,0,1,0,1
430,0,0,0,1,1
431,1,0,0,1,0
432,0,1,0,1,0
433,0,0,0,0,0
434,0,1,0,1,0
435,0,0,0,1,1
436,0,0,0,1,0
437,0,0,0,1,0
438,0,0,0,1,1
439,0,0,0,0,0
440,0,0,0,0,1
441,1,0,0,1,1
442,0,0,0,1,1
443,0,0,0,0,0
444,0,0,0,1,0
445,0,0,0,1,1
446,0,0,1,0,0
447,0,0,0,0,0
448,0,0,0,1,1
449,0,0,1,1,1
450,0,0,0,1,1
451,0,0,0,1,1
452,0,0,0,1,0
453,1,0,0,0,0
454,0,0,0,1,1
455,0,1,1,1,1
456,0,1,0,1,1
457,0,1,0,1,0
458,0,0,0,1,1
459,0,0,0,0,1
460,0,0,1,0,1
461,0,0,0,0,1
462,0,0,1,1,1
463,1,0,0,0,0
464,0,0,0,1,1
465,1,0,0,1,0
466,1,0,1,1,1
467,1,0,0,1,1
468,0,0,0,1,0
469,0,1,0,0,1
470,0,0,0,0,1
471,0,0,0,1,0
472,1,0,0,1,0
473,0,0,0,1,1
474,0,1,0,1,1
475,0,0,0,1,0
476,0,0,0,1,1
477,1,0,0,1,0
478,0,0,0,1,0
479,0,0,0,1,0
480,1,0,0,1,1
481,0,0,1,1,0
482,0,0,0,1,1
483,0,0,1,1,1
484,0,0,0,1,1
485,0,0,1,1,1
486,1,0,0,1,1
487,0,0,0,0,1
488,0,0,0,1,0
489,1,0,0,1,1
490,1,0,0,0,1
491,0,0,0,1,1
492,0,0,0,1,1
493,0,0,0,1,1
494,0,0,0,1,1
495,0,0,0,1,1
496,0,0,0,1,1
497,1,1,0,0,1
498,0,0,0,1,1
499,0,0,0,1,1
500,1,1,1,1,1
501,0,0,1,1,1
502,0,0,0,1,0
503,0,1,0,1,0
504,0,0,0,1,0
505,0,0,0,1,1
506,0,1,0,0,0
507,0,1,0,0,1
508,0,1,0,1,0
509,0,0,0,0,0
510,0,0,0,0,1
511,0,1,0,0,1
512,0,1,0,1,1
513,1,0,0,0,1
514,0,0,0,1,1
515,0,0,0,0,0
516,0,0,0,0,1
517,0,0,0,0,0
518,0,1,0,1,1
519,0,1,0,1,0
520,0,0,0,1,0
521,0,0,1,1,0
522,0,1,0,1,1
523,0,1,0,1,1
524,0,1,0,1,1
525,0,1,0,1,1
526,0,0,0,1,0
527,0,1,0,1,1
528,0,1,0,1,0
529,0,1,0,1,1
530,0,1,0,1,0
531,1,0,0,1,1
532,0,1,0,1,1
533,0,0,0,1,0
534,1,0,0,0,1
535,0,0,0,1,0
536,0,0,0,1,0
537,0,0,0,1,0
538,0,0,0,0,1
539,0,0,0,1,1
540,0,0,0,0,1
541,0,0,1,1,0
542,0,0,0,1,0
543,0,0,0,1,1
544,0,1,0,1,0
545,0,0,1,1,1
546,1,0,0,1,1
547,0,0,0,1,1
548,0,0,0,1,1
549,0,0,0,1,1
550,0,0,0,1,1
551,0,0,0,0,1
552,0,0,0,1,1
553,1,0,0,1,0
554,0,0,0,1,0
555,0,0,0,1,0
556,0,0,0,1,0
557,0,0,0,0,1
558,1,0,0,1,1
559,0,1,0,1,1
560,0,0,0,1,0
561,1,0,0,1,1
562,0,1,0,1,1
563,0,0,0,1,1
564,0,0,0,0,1
565,0,1,0,0,1
566,0,0,1,0,0
567,1,0,0,1,0
568,0,0,0,1,0
569,0,0,0,0,0
570,0,0,0,0,1
571,0,0,0,1,1
572,1,1,1,1,1
573,0,1,0,1,1
574,0,0,0,0,0
575,0,0,0,0,1
576,0,1,0,1,1
577,0,0,0,0,1
578,0,1,0,1,1
579,1,0,0,0,1
580,1,0,0,1,1
581,0,0,0,0,1
582,0,0,0,1,1
583,0,0,0,0,0
584,0,0,0,1,1
585,0,0,0,1,1
586,0,1,0,1,1
587,1,0,0,0,1
588,0,0,0,1,0
589,0,0,0,1,0
590,0,1,0,1,1
591,0,0,0,1,1
592,0,0,0,1,1
593,0,0,0,1,1
594,0,1,0,1,1
595,0,1,0,1,1
596,0,0,0,1,0
597,0,0,0,1,0
598,1,0,0,1,0
599,0,0,0,1,1
600,0,0,0,1,0
601,0,0,0,0,0
602,0,0,0,0,0
603,0,0,0,1,1
604,0,0,0,1,0
605,0,0,0,1,1
606,0,0,1,1,1
607,0,0,0,1,1
608,0,0,0,1,0
609,0,0,1,1,1
610,0,1,0,1,1
611,0,0,0,1,0
612,0,0,0,1,1
613,0,0,0,1,1
614,0,1,1,1,1
615,0,0,0,1,0
616,0,0,0,1,1
617,0,0,1,1,0
618,0,0,0,0,1
619,0,0,0,0,0
620,0,1,0,0,1
621,0,0,0,1,0
622,1,0,0,1,0
623,0,0,0,1,0
624,0,1,0,0,1
625,0,1,0,0,1
626,0,1,1,0,1
627,0,0,0,1,0
628,1,0,1,0,1
629,0,1,0,0,0
630,0,0,0,0,1
631,0,0,0,1,1
632,0,0,0,1,0
633,0,0,0,1,1
634,0,0,0,1,1
635,0,1,0,1,1
636,0,0,1,1,1
637,0,0,0,0,1
638,1,0,0,0,1
639,0,0,0,1,0
640,0,1,0,0,0
641,0,0,0,1,1
642,0,0,0,1,1
643,0,1,0,1,1
644,0,0,0,0,0
645,0,0,0,0,0
646,0,0,0,1,1
647,0,0,0,0,1
648,0,0,0,0,1
649,0,0,0,1,1
650,0,1,0,1,0
651,1,0,0,1,0
652,0,0,0,0,1
653,1,0,0,1,1
654,0,0,0,0,1
655,0,0,0,1,0
656,0,0,0,1,0
657,1,0,0,1,1
658,0,0,0,1,0
659,0,0,0,1,0
660,0,0,1,0,0
661,0,0,0,0,1
662,1,0,0,1,1
663,0,1,1,1,1
664,0,0,1,1,1
665,1,0,0,1,1
666,0,0,1,1,1
667,0,0,0,1,0
668,0,0,1,0,0
669,0,0,1,1,0
670,0,0,0,1,0
671,0,0,0,1,0
672,0,0,0,1,0
673,0,1,0,1,0
674,0,0,0,1,0
675,0,1,0,1,0
676,0,0,0,1,0
677,0,0,0,0,0
678,1,0,0,1,1
679,0,1,0,1,1
680,0,0,0,0,1
681,0,0,0,0,1
682,0,0,0,0,0
683,0,0,0,1,0
684,0,0,0,1,0
685,0,0,0,1,1
686,0,0,0,1,0
687,0,0,0,1,1
688,0,0,0,1,1
689,0,0,0,0,0
690,0,0,0,1,0
691,0,1,0,1,0
692,0,0,0,1,0
693,0,1,0,1,1
694,0,0,0,0,0
695,0,0,0,1,0
696,1,0,0,1,1
697,0,0,0,0,0
698,0,0,1,1,0
699,0,0,1,0,0
700,0,0,0,1,0
701,0,0,0,1,0
702,0,0,0,0,0
703,0,0,0,1,0
704,0,0,0,0,0
705,0,0,0,0,1
706,0,0,0,1,1
707,0,0,0,1,0
708,0,0,0,1,1
709,0,1,0,1,1
710,0,1,0,0,1
711,0,0,0,1,1
712,0,1,0,1,0
713,0,0,0,1,1
714,0,0,1,1,0
715,0,0,0,0,0
716,0,0,0,1,1
717,0,0,0,1,0
718,0,0,0,0,0
719,0,1,0,1,1
720,0,0,0,1,1
721,0,1,0,1,1
722,0,0,0,1,0
723,1,0,0,1,0
724,0,0,0,0,0
725,0,0,0,1,1
726,1,0,0,0,0
727,0,0,0,1,1
728,1,0,0,0,1
729,1,0,0,1,0
730,1,0,0,0,0
731,0,0,0,1,1
732,0,0,0,0,1
733,0,0,0,1,0
734,0,0,1,1,0
735,0,0,0,1,1
736,0,0,0,1,1
737,0,0,0,0,1
738,0,0,0,1,0
739,0,0,0,1,1
740,1,0,0,0,0
741,0,0,0,1,1
742,0,1,0,1,1
743,0,1,0,1,1
744,0,0,0,1,1
745,0,0,0,1,0
746,1,0,0,1,0
747,0,0,0,1,0
748,0,0,0,1,1
749,1,0,0,1,0
750,0,1,0,0,0
751,0,0,0,1,1
752,1,0,0,1,0
753,0,0,0,0,1
754,0,1,0,1,1
755,0,0,0,1,1
756,0,0,0,0,1
757,0,1,0,1,1
758,0,0,0,0,0
759,0,0,0,0,1
760,0,1,0,1,1
761,0,0,0,1,1
762,1,0,0,0,1
763,0,0,0,1,0
764,0,0,0,1,1
765,0,0,0,1,0
766,0,1,1,0,0
767,0,0,0,1,1
768,0,0,0,1,1
769,0,0,0,1,0
770,0,1,0,1,0
771,0,0,0,0,0
772,0,0,0,1,1
773,0,0,0,1,0
774,0,0,0,1,0
775,0,1,0,1,1
776,0,1,0,1,1
777,0,0,0,1,0
778,0,0,0,1,1
779,0,1,0,1,1
780,0,1,0,1,1
781,0,1,0,1,1
782,0,1,0,1,1
783,0,0,0,1,1
784,0,0,0,1,0
785,0,0,0,1,0
786,0,0,0,0,1
787,0,0,1,1,0
788,0,0,0,0,1
789,0,0,0,0,0
790,0,0,1,1,1
791,0,0,0,1,0
792,0,0,0,1,1
793,0,0,0,1,1
794,0,1,0,1,1
795,0,0,1,1,0
796,0,0,0,1,1
797,0,0,0,0,1
798,0,1,0,1,0
799,0,0,1,0,1
800,0,0,1,1,0
801,0,0,1,1,1
802,0,0,0,1,0
803,0,0,0,1,1
804,1,0,0,1,0
805,0,0,0,1,1
806,0,1,0,1,1
807,0,0,0,1,1
808,0,0,0,1,0
809,0,0,0,1,1
810,0,1,0,0,1
811,0,0,0,0,0
812,0,0,1,1,0
813,1,0,0,0,0
814,0,0,0,1,1
815,1,0,0,1,1
816,0,0,0,0,0
817,1,0,0,1,0
818,0,1,0,1,1
819,0,0,0,1,0
820,0,0,1,0,0
821,0,0,0,0,0
822,0,0,0,1,1
823,1,0,0,1,1
824,0,0,0,1,1
825,0,0,0,1,0
826,0,0,0,0,0
827,0,0,0,0,0
828,0,0,0,1,1
829,0,0,0,1,1
830,0,0,0,1,1
831,0,0,1,1,0
832,0,0,1,1,1
833,1,0,0,1,1
834,0,0,1,0,1
835,0,1,0,1,0
836,0,0,0,1,0
837,0,0,0,1,0
838,0,0,0,1,1
839,0,0,0,1,1
840,1,0,0,0,1
841,0,0,0,1,0
842,0,0,0,1,0
843,0,0,0,0,1
844,0,0,0,1,0
845,0,0,0,1,1
846,0,0,0,1,0
847,0,0,0,1,1
848,0,0,0,0,0
849,0,0,0,1,1
850,0,0,0,1,1
851,0,1,0,1,0
852,1,0,0,1,1
853,0,0,0,1,1
854,0,0,0,1,1
855,0,0,0,1,0
856,0,0,0,1,1
857,0,0,0,0,0
858,0,0,0,0,1
859,0,0,0,1,0
860,0,0,0,1,1
861,0,0,0,1,0
862,0,1,0,1,1
863,0,1,0,1,1
864,0,0,0,0,1
865,0,0,0,1,1
866,0,0,0,1,0
867,0,1,0,1,1
868,1,1,0,0,1
869,0,0,0,1,1
870,1,0,0,1,0
871,0,0,0,1,0
872,0,0,0,1,0
873,0,0,0,1,1
874,0,0,1,1,0
875,0,1,0,1,0
876,0,0,0,1,1
877,0,1,0,1,1
878,1,0,0,1,1
879,0,0,0,1,1
880,0,0,0,1,1
881,0,1,0,1,1
882,0,0,0,1,0
883,0,0,0,1,1
884,0,1,0,1,1
885,0,0,0,0,0
886,0,0,0,1,1
887,0,1,0,1,1
888,0,1,0,1,1
889,0,0,0,0,1
890,0,1,0,1,1
891,0,0,0,1,0
892,0,0,0,1,1
893,0,0,0,0,1
894,0,0,0,1,0
895,0,1,0,1,1
896,0,1,0,1,1
897,0,0,0,0,0
898,0,0,0,1,1
899,0,0,0,1,1
900,0,0,0,1,0
901,0,1,0,1,1
902,0,0,0,1,0
903,0,0,0,0,1
904,0,0,0,0,0
905,0,1,0,1,1
906,0,0,0,1,0
907,0,0,0,1,0
908,0,0,0,0,1
909,0,1,0,1,1
910,0,0,0,0,0
911,0,0,1,1,1
912,0,0,1,0,0
913,0,0,0,0,0
914,0,1,0,1,1
915,0,0,1,1,0
916,0,0,0,1,1
917,0,0,0,1,0
918,0,0,1,0,1
919,0,0,0,0,1
920,0,0,1,1,0
921,0,0,0,0,0
922,0,0,0,0,1
923,0,0,0,1,0
924,0,1,0,1,0
925,0,1,0,1,1
926,0,0,0,1,1
927,0,0,0,1,0
928,0,0,0,1,1
929,0,0,0,0,0
930,0,1,0,1,0
931,0,0,0,1,0
932,0,0,0,1,1
933,0,0,0,0,1
934,0,0,0,1,1
935,0,0,0,1,0
936,0,0,1,1,1
937,0,1,0,1,1
938,0,1,0,1,0
939,0,1,0,1,1
940,0,0,0,1,0
941,0,1,0,1,0
942,0,0,1,1,1
943,0,0,1,1,1
944,0,1,0,1,1
945,0,1,0,1,1
946,0,0,1,0,0
947,0,0,0,1,0
948,0,0,0,1,0
949,0,0,0,1,1
950,0,1,0,1,1
951,0,0,0,1,0
952,0,0,0,0,0
953,0,0,0,0,0
954,1,0,0,1,0
955,0,0,0,0,0
956,0,1,0,1,0
957,0,1,0,0,1
958,0,0,0,1,0
959,0,0,0,1,1
960,0,0,0,1,1
961,0,0,1,1,0
962,0,0,0,1,0
963,0,0,0,0,0
964,0,0,0,1,1
965,0,0,1,1,0
966,0,0,0,0,0
967,0,0,0,0,1
968,0,0,0,0,0
969,0,1,0,1,0
970,0,0,0,0,1
971,0,0,0,1,0
972,0,0,0,1,0
973,0,0,0,1,0
974,0,0,0,1,0
975,1,0,0,1,1
976,0,0,0,0,0
977,0,0,0,0,0
978,1,0,0,1,0
979,1,0,0,0,0
980,0,0,0,1,0
981,0,1,0,1,0
982,0,0,0,0,1
983,0,0,0,0,1
984,0,0,0,0,0
985,0,0,1,1,1
986,0,0,0,1,0
987,0,0,0,1,0
988,0,1,0,1,1
989,0,0,0,1,1
990,0,0,0,1,1
991,0,0,0,0,1
992,0,0,0,1,1
993,0,1,0,1,0
994,0,0,0,1,1
995,0,0,0,0,1
996,1,0,0,0,1
997,0,0,0,0,0
998,0,0,0,1,0
999,0,0,1,1,0
1000,0,0,0,1,0
1001,0,0,0,0,1
1002,0,0,1,0,0
1003,1,0,0,1,1
1004,0,1,0,1,0
1005,0,1,0,1,1
1006,0,0,0,0,1
1007,0,1,0,0,1
1008,0,0,0,1,1
1009,0,0,0,1,0
1010,0,0,0,1,0
1011,0,1,1,1,0
1012,1,0,0,0,1
1013,0,0,0,1,1
1014,0,0,0,1,1
1015,0,0,1,0,0
1016,0,0,0,1,0
1017,0,0,0,0,1
1018,0,0,0,1,1
1019,0,1,0,1,1
1020,0,0,0,1,1
1021,0,0,0,1,1
1022,0,0,0,0,1
1023,0,0,1,1,1
1024,1,0,0,0,0
1025,0,0,0,0,1
1026,0,0,0,1,1
1027,0,0,0,1,1
1028,0,1,0,1,0
1029,0,0,0,1,1
1030,0,0,0,0,1
1031,0,0,0,1,0
1032,1,0,0,1,0
1033,0,0,0,1,1
1034,0,1,0,1,1
1035,0,0,0,1,0
1036,0,0,0,1,1
1037,0,0,0,0,0
1038,0,1,0,1,1
1039,0,1,0,1,1
1040,0,0,0,1,0
1041,0,0,1,0,0
1042,0,0,1,0,0
1043,0,0,0,0,0
1044,0,0,0,1,1
1045,0,1,0,1,1
1046,0,0,0,1,0
1047,0,1,0,1,1
1048,0,1,0,1,1
1049,0,0,0,1,1
1050,0,0,1,1,0
1051,0,0,0,0,0
1052,0,0,1,0,1
1053,1,1,0,0,1
1054,0,0,1,1,0
1055,0,1,0,1,1
1056,0,0,0,0,0
1057,0,1,1,1,1
1058,0,0,0,0,1
1059,0,0,0,1,1
1060,0,1,0,1,1
1061,0,0,0,0,1
1062,0,0,0,1,1
1063,0,1,0,1,1
1064,0,0,0,1,0
1065,0,1,0,1,1
1066,0,1,0,1,1
1067,0,0,0,0,1
1068,0,0,1,1,1
1069,0,0,0,1,1
1070,0,0,0,0,1
1071,1,0,0,1,1
1072,0,1,0,1,1
1073,0,0,0,0,0
1074,0,0,0,0,1
1075,0,1,0,1,1
1076,1,0,1,1,0
1077,0,1,0,1,1
1078,1,0,0,1,0
1079,0,0,0,1,1
1080,1,0,0,1,0
1081,0,0,0,0,0
1082,1,0,1,1,1
1083,0,0,0,1,0
1084,0,0,0,0,1
1085,0,1,0,0,0
1086,0,0,0,0,1
1087,0,0,0,0,0
1088,0,0,1,1,0
1089,0,0,0,1,0
1090,1,0,0,0,1
1091,0,0,0,1,1
1092,0,0,0,1,0
1093,0,0,0,1,1
1094,0,0,0,0,1
1095,0,0,0,1,1
1096,1,0,0,1,1
1097,0,0,0,1,0
1098,0,0,0,1,1
1099,0,0,0,1,0
1100,0,0,0,1,1
1101,0,0,0,0,0
1102,0,0,0,1,1
1103,0,0,1,1,1
1104,0,0,0,0,0
1105,0,1,0,1,0
1106,0,0,0,1,0
1107,0,0,0,1,1
1108,0,0,1,0,0
1109,0,0,0,1,1
1110,0,0,0,1,0
1111,0,0,1,0,0
1112,0,0,0,1,1
1113,0,0,1,1,0
1114,0,0,0,0,1
1115,0,0,0,0,1
1116,0,0,0,1,1
1117,1,0,0,1,1
1118,0,1,0,1,1
1119,0,0,0,0,1
1120,0,0,0,1,0
1121,0,0,1,1,0
1122,0,0,0,0,0
1123,1,0,0,1,0
1124,0,0,0,1,0
1125,1,0,0,1,0
1126,0,0,0,1,1
1127,1,0,1,1,0
1128,0,0,0,1,1
1129,0,1,0,1,1
1130,0,0,1,1,1
1131,0,1,0,0,0
1132,0,1,0,1,1
1133,1,0,0,0,0
1134,0,0,1,1,1
1135,0,0,1,1,1
1136,1,0,0,1,1
1137,0,1,0,1,1
1138,0,1,0,1,1
1139,0,1,0,1,1
1140,0,0,0,1,0
1141,0,0,0,1,0
1142,0,0,1,1,0
1143,0,1,0,1,1
1144,0,0,0,1,0
1145,0,0,0,1,1
1146,0,0,1,1,1
1147,0,1,0,1,1
1148,0,1,0,1,1
1149,0,1,0,1,1
1150,1,0,1,1,0
1151,1,0,0,1,0
1152,0,1,0,1,0
1153,0,1,0,0,0
1154,0,1,0,1,1
1155,0,1,0,1,1
1156,0,1,0,1,1
1157,0,0,0,1,1
1158,0,0,0,1,1
1159,0,0,0,1,1
1160,0,0,0,1,1
1161,0,1,0,1,0
1162,0,0,0,1,1
1163,0,0,0,1,0
1164,1,1,0,0,0
1165,0,0,0,0,1
1166,1,0,0,0,1
1167,0,0,0,0,1
1168,0,0,0,0,0
1169,0,0,0,1,1
1170,1,0,0,1,1
1171,0,1,0,1,0
1172,0,0,0,1,0
1173,0,0,0,0,1
1174,1,0,0,1,0
1175,0,0,0,0,1
1176,0,0,0,0,1
1177,0,0,1,1,1
1178,0,0,0,0,0
1179,1,0,0,0,1
1180,0,0,0,1,0
1181,0,0,0,0,0
1182,0,1,0,1,1
1183,0,0,0,1,1
1184,0,0,1,1,0
1185,0,0,0,1,1
1186,0,0,0,1,0
1187,0,1,0,1,1
1188,0,1,0,1,1
1189,0,0,0,0,0
1190,1,0,0,0,0
1191,0,0,0,0,0
1192,0,0,0,1,0
1193,0,0,0,1,0
1194,0,0,0,1,0
1195,1,0,0,1,0
1196,0,1,0,1,0
1197,0,0,0,1,0
1198,0,0,0,1,1
1199,1,0,0,0,0
1200,0,0,0,0,0
1201,0,0,1,1,0
1202,0,0,0,0,0
1203,0,1,0,1,1
1204,0,0,1,0,0
1205,0,1,0,1,1
1206,0,1,0,1,1
1207,1,0,1,0,0
1208,0,0,0,1,0
1209,0,0,0,0,0
1210,0,1,0,0,1
1211,0,0,0,0,0
1212,0,0,0,1,1
1213,1,0,1,1,0
1214,0,1,0,1,1
1215,0,0,0,1,1
1216,0,0,0,1,1
1217,0,0,0,1,1
1218,1,0,0,1,1
1219,0,0,0,1,0
1220,0,0,0,1,1
1221,1,0,0,1,1
1222,1,0,1,1,1
1223,0,1,0,1,1
1224,0,0,0,1,0
1225,1,0,1,1,0
1226,0,1,0,1,1
1227,0,1,1,1,1
1228,0,0,1,1,1
1229,0,0,0,1,1
1230,0,1,0,1,1
1231,0,0,0,1,0
1232,0,1,0,1,0
1233,0,1,0,1,1
1234,0,0,0,0,1
1235,0,0,0,1,0
1236,0,1,0,1,1
1237,0,1,0,1,1
1238,0,0,0,1,1
1239,0,1,0,1,1
1240,0,1,0,0,0
1241,1,0,0,1,0
1242,0,0,1,1,0
1243,0,1,0,1,0
1244,0,1,0,1,0
1245,0,1,0,1,0
1246,0,1,1,1,1
1247,0,0,0,1,1
1248,0,1,0,0,1
1249,0,1,0,1,1
1250,0,1,0,1,1
1251,1,0,0,0,1
1252,0,1,0,1,0
1253,0,0,0,1,1
1254,0,0,0,1,0
1255,0,0,0,0,0
1256,0,1,0,1,1
1257,0,0,0,1,1
1258,0,0,0,1,1
1259,0,1,0,1,1
1260,0,0,0,1,1
1261,0,1,0,1,1
1262,0,0,0,1,1
1263,0,0,0,1,1
1264,1,0,0,0,0
1265,1,0,0,1,1
1266,0,1,0,1,1
1267,1,0,0,1,1
1268,0,1,1,1,1
1269,1,0,1,1,1
1270,0,0,0,0,1
1271,0,0,0,0,1
1272,0,1,0,1,1
1273,0,1,0,1,1
1274,0,0,0,1,0
1275,1,0,0,1,0
1276,0,1,0,1,1
1277,0,0,0,1,0
1278,0,0,0,1,1
1279,0,0,0,1,1
1280,0,1,0,1,1
1281,0,0,0,1,1
1282,0,1,0,1,1
1283,0,0,0,1,0
1284,0,1,0,1,1
1285,0,0,0,0,1
1286,0,0,0,1,1
1287,0,0,0,0,1
1288,0,0,0,1,0
1289,0,0,0,1,0
1290,1,0,0,1,0
1291,0,0,0,1,1
1292,0,1,0,1,0
1293,0,0,0,1,0
1294,0,0,0,1,0
1295,1,0,0,1,1
1296,1,0,0,1,0
1297,0,0,0,1,1
1298,0,0,0,1,1
1299,0,0,0,1,0
1300,0,0,0,1,1
1301,0,0,0,1,1
1302,0,0,1,1,1
1303,0,0,0,1,1
1304,0,0,0,1,0
1305,0,1,0,0,0
1306,0,0,0,1,0
1307,0,0,0,1,1
1308,0,0,1,1,1
1309,0,0,0,1,1
1310,0,1,0,1,1
1311,0,0,0,1,0
1312,0,1,0,1,0
1313,0,0,0,0,1
1314,0,0,0,1,1
1315,0,0,0,1,1
1316,0,0,0,1,0
1317,0,0,0,1,1
1318,0,0,0,1,0
1319,0,0,0,1,1
1320,1,0,1,1,0
1321,1,0,0,1,0
1322,0,1,0,0,0
1323,0,1,0,0,1
1324,1,0,1,0,0
1325,1,0,0,0,1
1326,0,0,0,1,0
1327,0,0,0,1,1
1328,0,0,0,1,0
1329,1,0,1,0,0
1330,0,0,0,1,1
1331,0,0,1,0,1
1332,1,0,0,0,1
1333,0,0,0,1,1
1334,0,0,0,1,1
1335,0,0,0,1,1
1336,0,1,0,1,1
1337,1,1,0,1,0
1338,0,0,0,0,0
1339,1,0,0,0,1
1340,0,0,0,1,0
1341,1,0,0,1,1
1342,0,0,0,1,0
1343,0,1,0,1,1
1344,0,0,0,0,1
1345,0,0,1,1,0
1346,0,0,0,1,0
1347,0,0,1,1,1
1348,0,0,0,1,1
1349,0,0,0,1,1
1350,0,0,0,0,0
1351,0,0,1,1,1
1352,0,0,0,0,0
1353,1,0,0,1,1
1354,0,0,0,1,0
1355,0,0,0,1,1
1356,0,0,1,1,0
1357,0,0,0,1,0
1358,0,0,0,0,0
1359,0,0,0,1,0
1360,0,1,0,1,1
1361,0,1,0,1,0
1362,0,0,1,1,1
1363,0,0,0,1,1
1364,1,1,0,1,1
1365,0,0,0,1,1
1366,0,0,0,1,0
1367,0,0,0,1,1
1368,1,0,0,0,0
1369,0,0,0,1,0
1370,0,0,0,0,1
1371,1,0,0,1,1
1372,0,0,1,0,0
1373,0,0,0,1,0
1374,0,0,0,1,1
1375,0,1,0,1,0
1376,0,0,0,1,0
1377,0,0,1,1,0
1378,0,0,0,1,1
1379,0,0,1,1,1
1380,0,1,0,0,0
1381,1,1,1,1,1
1382,0,0,0,1,1
1383,0,0,0,1,1
1384,0,0,0,1,0
1385,0,0,0,1,0
1386,1,0,0,1,0
1387,0,0,0,1,0
1388,0,0,0,1,1
1389,0,0,0,0,1
1390,0,0,1,0,0
1391,0,1,1,1,0
1392,1,0,0,0,1
1393,0,0,0,0,1
1394,0,0,0,1,1
1395,0,0,0,0,1
1396,0,0,1,0,1
1397,1,0,0,0,0
1398,0,0,0,1,1
1399,1,0,0,0,0
1400,0,0,0,1,1
1401,0,1,0,1,0
1402,0,0,0,0,0
1403,1,0,0,1,0
1404,0,0,0,1,0
1405,0,0,0,0,1
1406,0,0,0,0,0
1407,0,0,0,1,0
1408,0,0,0,0,0
1409,1,0,1,1,0
1410,0,0,0,0,0
1411,1,0,1,1,0
1412,0,0,1,1,0
1413,0,0,0,1,1
1414,0,0,0,0,1
1415,0,0,0,0,1
1416,0,0,0,0,1
1417,1,0,0,0,1
1418,0,0,1,1,1
1419,0,0,0,0,0
1420,1,0,0,1,1
1421,0,0,0,1,1
1422,1,0,0,1,0
1423,1,0,0,1,0
1424,0,0,0,1,1
1425,0,0,1,0,1
1426,0,0,0,1,1
1427,1,1,0,0,1
1428,0,0,0,0,1
1429,1,0,0,1,0
1430,0,0,0,1,0
1431,0,0,0,1,1
1432,0,0,0,1,1
1433,0,0,0,0,1
1434,0,0,0,1,0
1435,0,0,0,1,0
1436,0,0,0,1,1
1437,0,0,0,1,1
1438,0,0,0,0,1
1439,0,1,0,1,1
1440,0,0,0,1,0
1441,0,0,0,0,1
1442,0,0,0,1,1
1443,0,0,0,0,0
1444,0,0,0,1,1
1445,0,0,1,1,0
1446,1,0,0,1,0
1447,1,0,0,1,1
1448,0,1,1,1,1
1449,0,0,1,0,1
1450,0,0,0,1,0
1451,0,0,0,1,0
1452,0,0,0,0,0
1453,0,1,0,1,1
1454,0,1,0,0,0
1455,0,0,0,1,0
1456,0,0,0,1,0
1457,0,0,0,1,1
1458,0,0,0,1,0
1459,0,0,0,0,1
1460,0,0,0,0,0
1461,0,0,1,1,1
1462,0,0,0,1,1
1463,0,0,0,1,1
1464,0,0,0,1,0
1465,0,0,0,1,1
1466,1,0,0,1,0
1467,0,0,0,0,1
1468,0,0,1,1,1
1469,0,1,0,0,1
1470,1,0,0,1,1
1471,0,1,0,1,1
1472,0,0,0,0,0
1473,0,0,0,1,0
1474,0,0,0,1,0
1475,0,1,0,1,1
1476,1,0,1,1,1
1477,1,0,0,1,0
1478,0,0,1,1,0
1479,0,0,0,1,1
1480,0,0,1,1,0
1481,0,0,0,1,1
1482,0,0,0,1,0
1483,0,0,0,1,0
1484,0,0,0,1,0
1485,0,1,0,1,1
1486,0,1,0,1,0
1487,0,0,1,1,1
1488,0,0,0,0,0
1489,1,0,0,1,1
1490,0,1,1,0,1
1491,0,1,0,0,1
1492,0,0,0,0,0
1493,0,0,0,1,1
1494,0,1,0,1,0
1495,0,0,0,1,0
1496,0,1,0,1,0
1497,0,0,0,1,1
1498,0,0,0,0,0
1499,0,0,1,1,1
1500,0,0,0,1,1
1501,0,0,0,0,1
1502,0,0,0,0,1
1503,0,0,1,1,1
1504,0,0,0,0,1
1505,0,0,0,1,0
1506,0,0,0,0,0
1507,0,0,1,1,1
1508,0,0,0,0,0
1509,0,0,0,1,1
1510,0,0,0,1,0
1511,0,0,0,1,0
1512,1,0,1,1,1
1513,0,1,0,1,0
1514,0,0,0,1,0
1515,0,0,0,1,1
1516,0,0,0,0,1
1517,0,0,0,0,1
1518,0,0,0,1,0
1519,0,0,0,1,1
1520,0,0,1,1,1
1521,0,0,0,1,0
1522,0,1,0,1,1
1523,0,0,0,1,0
1524,1,0,0,0,1
1525,1,0,0,1,0
1526,0,0,0,0,0
1527,0,0,0,1,1
1528,0,0,0,0,1
1529,0,0,1,1,0
1530,1,0,1,1,0
1531,1,1,1,1,1
1532,0,0,0,0,1
1533,0,0,0,1,1
1534,0,0,0,1,0
1535,0,0,1,1,0
1536,0,0,0,0,1
1537,0,0,1,1,1
1538,0,0,1,1,0
1539,0,0,0,1,1
1540,0,0,0,1,1
1541,0,0,0,1,1
1542,0,0,0,1,1
1543,0,0,1,1,0
1544,0,0,0,1,1
1545,0,0,0,1,1
1546,0,1,0,1,1
1547,0,0,0,1,1
1548,0,0,0,1,0
1549,0,0,0,1,0
1550,0,0,0,1,1
1551,0,0,1,1,0
1552,1,0,1,1,1
1553,0,0,0,0,1
1554,0,0,0,1,0
1555,0,0,0,1,1
1556,0,0,0,1,1
1557,0,0,0,1,0
1558,0,0,0,1,1
1559,0,0,0,0,0
1560,0,0,1,1,0
1561,0,0,0,1,0
1562,0,0,0,1,1
1563,0,0,0,1,0
1564,0,0,1,1,0
1565,0,0,1,1,1
1566,0,0,0,1,0
1567,0,0,0,1,1
1568,0,0,0,1,1
1569,0,0,0,1,0
1570,0,0,0,1,0
1571,0,0,0,1,1
1572,1,0,0,1,1
1573,0,1,0,1,1
1574,0,0,0,1,0
1575,0,0,0,1,1
1576,1,0,1,1,0
1577,0,0,0,1,0
1578,0,0,0,1,0
1579,0,0,0,1,1
1580,0,0,0,1,1
1581,0,0,0,1,0
1582,0,0,0,0,1
1583,0,1,0,1,0
1584,1,0,0,1,1
1585,0,0,0,1,1
1586,0,1,0,1,0
1587,0,0,0,1,1
1588,1,0,0,1,1
1589,0,0,0,1,0
1590,0,0,0,1,1
1591,0,0,0,1,1
1592,0,0,0,1,1
1593,0,0,0,1,0
1594,1,1,0,1,0
1595,1,0,0,1,1
1596,0,0,0,0,0
1597,0,0,0,1,1
1598,1,0,0,1,0
1599,0,0,0,1,1
1600,0,1,0,1,0
1601,0,0,0,0,0
1602,0,0,0,1,1
1603,1,0,1,0,0
1604,0,0,0,0,1
1605,0,0,0,1,1
1606,0,1,0,1,0
1607,0,0,0,1,1
1608,0,0,0,0,1
1609,0,0,0,0,1
1610,1,0,0,1,1
1611,0,0,0,1,0
1612,0,1,0,0,1
1613,0,0,0,1,1
1614,1,0,0,1,1
1615,0,0,0,1,0
1616,0,0,0,1,0
1617,0,0,0,0,0
1618,1,0,0,1,0
1619,0,1,0,1,0
1620,0,0,0,1,1
1621,0,0,0,1,1
1622,0,0,0,1,1
1623,0,0,0,1,0
1624,0,0,1,1,0
1625,0,0,0,0,1
1626,0,1,0,1,1
1627,0,0,0,1,0
1628,0,0,0,1,1
1629,0,0,0,0,0
1630,0,0,0,0,0
1631,1,0,0,1,0
1632,0,0,0,0,1
1633,0,0,0,0,1
1634,0,0,1,1,0
1635,0,0,0,1,1
1636,1,0,0,1,1
1637,0,0,0,1,0
1638,0,0,0,1,1
1639,1,0,1,1,1
1640,0,0,0,0,1
1641,0,0,0,1,1
1642,0,0,0,0,0
1643,0,0,1,1,1
1644,0,0,0,1,0
1645,0,0,1,1,1
1646,0,0,0,1,1
1647,0,1,0,1,1
1648,0,0,1,1,1
1649,0,0,0,0,0
1650,0,0,0,1,1
1651,0,0,0,0,0
1652,0,1,0,0,0
1653,0,1,0,1,1
1654,0,0,0,1,0
1655,1,0,0,1,1
1656,0,0,0,1,1
1657,0,0,0,1,0
1658,0,0,0,1,1
1659,0,0,0,1,1
1660,0,0,0,0,0
1661,0,1,0,1,0
1662,0,0,0,1,1
1663,1,0,0,0,1
1664,0,0,0,1,1
1665,0,0,0,1,1
1666,0,1,0,1,0
1667,0,0,0,1,1
1668,0,0,0,1,0
1669,0,0,0,1,0
1670,0,1,0,1,1
1671,1,0,0,1,1
1672,0,0,0,1,1
1673,0,0,0,1,1
1674,0,0,1,1,0
1675,0,0,0,1,0
1676,0,0,0,1,0
1677,0,0,1,1,1
1678,0,0,0,1,1
1679,0,1,1,0,0
1680,0,0,0,1,1
1681,1,0,0,1,0
1682,0,0,0,1,1
1683,0,0,1,1,0
1684,0,0,0,0,0
1685,0,1,0,1,0
1686,0,0,1,1,0
1687,0,0,0,0,0
1688,1,0,0,1,0
1689,0,1,0,1,0
1690,0,0,0,1,0
1691,1,0,0,1,0
1692,0,0,0,1,0
1693,0,0,0,1,0
1694,0,0,0,0,0
1695,0,0,1,1,1
1696,0,0,0,1,0
1697,0,0,0,1,1
1698,0,0,1,1,0
1699,0,0,0,1,0
1700,0,1,0,1,0
1701,0,0,0,1,1
1702,0,0,0,1,1
1703,0,0,1,1,1
1704,0,0,0,0,1
1705,0,0,1,1,1
1706,1,0,0,1,0
1707,0,0,0,1,0
1708,1,0,1,0,0
1709,1,0,0,0,0
1710,0,0,0,1,1
1711,0,0,0,1,0
1712,1,0,0,0,1
1713,0,0,0,1,0
1714,0,0,0,1,1
1715,0,0,0,0,0
1716,0,0,0,1,1
1717,0,0,0,1,1
1718,0,0,1,1,0
1719,0,0,0,0,0
1720,0,0,0,0,1
1721,0,0,0,1,0
1722,0,0,0,1,1
1723,0,0,1,1,0
1724,0,1,0,0,0
1725,0,0,0,1,0
1726,1,0,0,1,1
1727,0,0,0,1,0
1728,0,1,1,1,1
1729,0,0,0,1,1
1730,0,0,0,1,1
1731,0,0,0,1,0
1732,0,0,0,1,1
1733,0,0,0,1,0
1734,0,1,0,1,1
1735,0,0,0,1,1
1736,0,1,0,1,0
1737,0,0,0,0,1
1738,0,0,0,0,1
1739,0,0,0,1,1
1740,0,0,0,1,0
1741,0,0,0,1,0
1742,0,0,0,0,0
1743,0,0,0,1,0
1744,0,0,0,1,0
1745,1,0,0,1,1
1746,0,0,0,1,0
1747,0,0,1,1,0
1748,0,0,0,1,1
1749,0,0,0,0,0
1750,0,0,0,1,0
1751,0,0,0,0,0
1752,1,1,1,0,0
1753,0,0,1,1,0
1754,0,0,1,1,1
1755,0,0,0,1,1
1756,0,0,0,1,1
1757,1,0,0,0,0
1758,0,0,0,0,0
1759,0,1,0,1,1
1760,0,0,0,0,1
1761,0,0,0,0,1
1762,0,0,0,0,1
1763,0,0,0,0,1
1764,0,0,0,0,0
1765,0,0,0,1,1
1766,1,0,1,1,0
1767,0,0,1,1,0
1768,0,0,0,1,0
1769,0,0,0,1,1
1770,0,0,0,0,0
1771,0,0,0,1,1
1772,0,0,1,1,1
1773,0,0,1,0,1
1774,0,0,0,1,1
1775,0,0,0,0,1
1776,0,0,1,1,0
1777,0,0,0,1,1
1778,0,1,1,1,0
1779,0,0,0,1,0
1780,0,1,0,1,0
1781,1,0,0,1,1
1782,0,0,1,1,1
1783,0,1,1,0,1
1784,0,0,0,1,0
1785,1,0,0,0,1
1786,0,0,0,1,0
1787,0,0,1,0,1
1788,1,0,0,0,1
1789,0,1,1,1,1
1790,0,0,0,1,1
1791,0,0,0,1,0
1792,0,0,0,1,0
1793,0,0,0,1,0
1794,0,0,0,1,0
1795,0,0,1,1,0
1796,0,0,0,0,1
1797,0,0,0,0,1
1798,0,0,0,1,1
1799,0,0,1,1,0
1800,0,0,0,1,1
1801,0,0,0,1,1
1802,0,0,1,0,0
1803,0,0,0,1,1
1804,0,1,0,1,1
1805,0,1,0,1,1
1806,0,0,0,0,0
1807,1,0,0,1,1
1808,0,0,0,1,1
1809,0,0,0,1,1
1810,1,0,0,1,1
1811,0,0,1,1,1
1812,0,0,0,1,0
1813,0,0,1,1,1
1814,0,0,0,1,1
1815,0,0,0,1,1
1816,1,0,0,1,0
1817,0,1,0,1,1
1818,0,0,0,1,0
1819,0,0,0,0,1
1820,0,0,0,1,1
1821,0,0,0,1,1
1822,0,0,0,1,1
1823,0,0,0,0,1
1824,0,0,0,1,1
1825,0,0,1,1,0
1826,0,0,0,1,0
1827,1,0,0,0,0
1828,0,0,0,0,0
1829,0,0,1,0,1
1830,0,0,0,0,1
1831,0,0,0,0,0
1832,0,0,1,0,0
1833,0,0,0,1,1
1834,1,1,1,1,1
1835,0,0,1,1,1
1836,0,0,0,0,0
1837,0,0,0,1,1
1838,0,0,0,0,0
1839,1,0,0,1,1
1840,0,0,0,1,1
1841,1,0,0,0,1
1842,0,0,0,1,1
1843,0,0,0,1,1
1844,0,0,0,1,1
1845,0,0,0,1,0
1846,0,0,0,0,0
1847,0,1,0,1,1
1848,0,0,0,0,1
1849,1,0,0,0,0
1850,0,0,0,1,1
1851,0,0,1,0,0
1852,0,0,0,1,1
1853,0,0,0,1,1
1854,0,0,0,1,1
1855,0,0,0,0,1
1856,0,0,0,1,0
1857,1,0,0,1,1
1858,0,0,0,1,0
1859,0,0,0,0,0
1860,0,0,0,1,0
1861,0,0,1,1,1
1862,1,0,0,1,0
1863,0,0,0,1,0
1864,0,0,1,1,0
1865,1,0,1,1,1
1866,0,0,0,1,0
1867,0,0,0,1,1
1868,0,0,0,1,0
1869,0,0,0,1,1
1870,0,0,0,1,1
1871,0,0,1,0,0
1872,0,0,0,1,1
1873,0,0,0,0,0
1874,0,0,0,1,1
1875,0,1,0,1,1
1876,1,0,0,1,1
1877,0,0,1,1,0
1878,0,0,0,1,1
1879,0,0,0,1,1
1880,0,1,0,1,1
1881,0,0,0,1,0
1882,0,0,0,1,0
1883,0,0,0,0,0
1884,0,0,0,1,1
1885,0,0,0,1,1
1886,0,1,0,1,1
1887,1,0,0,1,1
1888,0,0,0,1,0
1889,0,0,0,1,1
1890,0,0,0,1,0
1891,0,0,0,0,1
1892,0,0,0,0,0
1893,0,0,0,1,1
1894,0,0,0,1,1
1895,0,1,0,0,1
1896,0,0,0,0,0
1897,1,0,0,1,1
1898,0,0,0,1,1
1899,0,0,0,1,1
1900,0,0,1,1,0
1901,0,1,0,0,1
1902,0,0,0,1,1
1903,1,0,0,1,1
1904,1,0,0,1,0
1905,0,0,0,1,1
1906,0,0,0,1,1
1907,0,0,0,1,0
1908,0,0,0,1,0
1909,0,0,0,0,0
1910,0,0,0,1,0
1911,0,0,0,1,1
1912,0,0,0,1,0
1913,0,0,1,0,1
1914,0,0,0,1,1
1915,0,0,0,1,1
1916,0,0,0,0,0
1917,0,0,1,1,1
1918,0,0,0,1,1
1919,0,0,0,1,1
1920,0,0,0,1,1
1921,0,0,0,0,0
1922,0,0,0,0,1
1923,1,0,0,1,1
1924,0,0,0,1,0
1925,0,0,0,1,0
1926,0,0,0,0,1
1927,0,0,0,1,0
1928,0,0,0,1,1
1929,0,0,0,1,1
1930,0,0,0,1,1
1931,1,0,0,1,1
1932,0,0,1,1,0
1933,0,1,0,1,1
1934,1,0,0,1,1
1935,1,0,0,1,1
1936,0,0,0,1,0
1937,0,0,1,1,0
1938,0,0,0,1,1
1939,0,0,0,1,0
1940,0,0,1,1,1
1941,0,0,0,1,1
1942,0,1,0,1,0
1943,0,0,0,0,1
1944,0,0,0,1,0
1945,0,0,0,1,1
1946,0,0,0,0,0
1947,0,0,0,0,1
1948,0,0,1,1,1
1949,0,1,0,1,1
1950,0,0,0,1,1
1951,0,1,0,1,0
1952,0,0,0,1,0
1953,0,0,1,1,1
1954,0,0,0,1,1
1955,0,0,0,0,0
1956,0,0,0,1,1
1957,0,1,0,1,1
1958,0,0,0,0,1
1959,0,1,0,0,1
1960,1,0,0,1,1
1961,1,0,0,0,0
1962,0,0,0,1,0
1963,0,0,0,1,1
1964,0,0,0,0,0
1965,0,0,0,1,1
1966,0,0,1,0,0
1967,0,0,0,1,1
1968,1,0,1,1,1
1969,0,1,0,0,0
1970,0,0,0,0,0
1971,1,0,0,1,1
1972,0,0,0,1,1
1973,0,0,0,1,1
1974,0,0,0,1,1
1975,0,0,0,1,0
1976,1,0,0,1,0
1977,0,0,0,1,0
1978,0,0,0,1,1
1979,0,0,0,1,1
1980,0,0,0,1,1
1981,0,0,0,1,0
1982,0,0,0,1,1
1983,0,0,0,1,0
1984,0,0,1,1,0
1985,0,0,0,1,0
1986,0,0,0,1,1
1987,1,0,0,1,1
1988,0,0,0,0,0
1989,0,0,0,0,1
1990,0,0,0,1,1
1991,0,0,0,1,0
1992,1,0,0,0,1
1993,0,0,0,1,0
1994,0,0,0,0,0
1995,0,0,0,1,0
1996,0,0,0,1,1
1997,0,0,0,0,0
1998,0,0,0,1,1
1999,0,0,1,0,1
2000,0,0,0,0,1
2001,0,0,0,0,1
2002,0,0,0,1,1
2003,0,0,0,1,1
2004,1,0,0,1,1
2005,0,0,0,0,1
2006,0,0,0,1,1
2007,0,0,0,1,1
2008,1,0,0,1,0
2009,0,0,1,1,0
2010,0,0,0,0,0
2011,0,1,1,1,1
2012,0,0,0,0,1
2013,0,0,0,1,1
2014,0,0,0,0,0
2015,0,0,0,0,0
2016,0,0,0,0,1
2017,0,0,0,0,1
2018,0,0,0,1,1
2019,0,0,0,0,1
2020,0,0,0,1,1
2021,0,0,0,1,1
2022,0,1,0,1,1
2023,0,0,0,0,0
2024,0,0,0,1,1
2025,0,0,0,1,0
2026,0,0,0,0,1
2027,0,0,0,1,1
2028,0,0,0,0,0
2029,0,1,0,0,0
2030,0,0,0,1,1
2031,0,0,1,1,0
2032,0,1,0,0,0
2033,0,0,0,1,1
2034,0,0,0,1,1
2035,0,0,0,1,1
2036,0,1,0,1,0
2037,0,1,1,1,0
2038,1,0,0,1,1
2039,0,0,0,1,1
2040,0,0,0,1,1
2041,0,0,0,1,1
2042,1,0,0,0,0
2043,0,0,0,1,1
2044,1,0,0,0,0
2045,0,1,0,1,0
2046,0,1,0,1,1
2047,1,0,0,1,0
2048,1,0,0,1,1
2049,0,0,0,1,1
2050,0,0,0,1,1
2051,0,0,0,0,0
2052,1,0,0,0,0
2053,0,0,0,1,0
2054,0,0,0,1,1
2055,0,0,0,1,0
2056,0,1,0,1,1
2057,0,1,1,1,1
2058,0,1,0,1,0
2059,0,0,0,0,1
2060,0,0,0,1,1
2061,0,0,0,1,1
2062,1,0,0,1,0
2063,0,0,1,0,0
2064,0,0,0,1,1
2065,1,0,0,1,0
2066,0,0,0,1,0
2067,0,0,0,1,0
2068,1,0,0,0,0
2069,0,1,1,1,1
2070,0,0,0,0,0
2071,1,0,0,1,0
2072,1,0,0,1,0
2073,0,0,0,1,0
2074,0,0,1,1,0
2075,0,1,0,1,1
2076,0,0,0,0,0
2077,0,0,0,1,1
2078,0,0,0,1,0
2079,0,0,0,0,0
2080,1,0,0,1,1
2081,0,0,0,0,1
2082,0,0,0,1,1
2083,0,0,0,1,1
2084,0,0,1,0,0
2085,0,0,0,0,1
2086,1,0,0,0,1
2087,1,0,0,0,1
2088,0,0,1,0,1
2089,0,0,0,1,0
2090,0,0,0,1,0
2091,0,0,0,0,0
2092,0,0,1,1,0
2093,0,0,0,0,0
2094,0,0,0,1,1
2095,1,0,0,0,0
2096,0,0,0,0,1
2097,1,0,0,1,1
2098,0,0,0,0,0
2099,0,0,0,0,1
2100,0,0,0,1,0
2101,0,1,0,1,0
2102,0,1,0,1,0
2103,1,0,0,1,0
2104,0,0,0,1,1
2105,0,0,0,0,0
2106,0,1,0,1,1
2107,1,0,0,1,1
2108,1,0,0,1,1
2109,0,0,1,0,1
2110,1,0,0,1,1
2111,0,0,0,1,1
2112,0,0,1,1,1
2113,0,0,0,0,1
2114,1,0,0,0,0
2115,0,0,0,0,0
2116,0,0,0,0,1
2117,0,0,0,0,0
2118,0,0,0,1,1
2119,0,1,0,1,1
2120,0,0,0,0,1
2121,0,0,0,1,0
2122,1,0,0,1,1
2123,0,0,0,1,1
2124,0,0,0,1,1
2125,0,0,1,1,0
2126,0,0,0,1,1
2127,1,0,0,0,0
2128,0,0,0,1,1
2129,0,0,0,1,1
2130,0,0,0,1,1
2131,0,0,0,1,0
2132,0,1,1,1,0
2133,0,1,0,1,1
2134,0,0,0,1,1
2135,0,0,1,1,1
2136,1,0,0,0,0
2137,0,0,1,1,0
2138,0,0,1,1,0
2139,1,0,0,1,1
2140,0,0,1,1,0
2141,0,0,0,1,1
2142,0,0,1,1,0
2143,0,0,0,0,1
2144,0,0,0,1,0
2145,1,0,0,1,1
2146,0,0,0,1,0
2147,0,0,0,1,1
2148,0,0,0,1,0
2149,0,0,1,1,1
2150,0,0,0,1,0
2151,0,0,0,1,1
2152,0,0,0,1,0
2153,1,1,1,1,0
2154,0,1,1,0,1
2155,0,0,0,1,0
2156,0,0,0,1,1
2157,0,0,0,0,1
2158,1,0,0,1,1
2159,0,0,1,1,1
2160,0,0,0,1,1
2161,0,0,0,1,0
2162,1,0,0,1,0
2163,0,0,0,1,1
2164,1,0,0,1,0
2165,1,0,0,1,1
2166,0,0,1,1,1
2167,0,1,0,1,1
2168,0,0,1,1,0
2169,0,1,0,0,0
2170,0,1,0,1,0
2171,0,0,0,1,1
2172,0,0,0,0,0
2173,0,0,0,1,1
2174,0,0,0,1,0
2175,0,0,0,1,0
2176,1,0,0,1,0
2177,0,0,0,1,0
2178,0,0,1,0,0
2179,0,0,0,1,1
2180,1,0,0,1,0
2181,0,0,0,1,1
2182,0,0,0,1,1
2183,0,0,0,1,0
2184,0,0,0,1,0
2185,0,0,0,1,1
2186,0,1,1,1,1
2187,0,1,1,1,1
2188,0,0,0,1,1
2189,1,0,1,1,0
2190,0,0,0,0,0
2191,0,0,0,1,0
2192,0,0,0,0,0
2193,0,0,0,1,0
2194,0,0,1,0,0
2195,0,0,0,0,1
2196,0,0,0,0,1
2197,1,0,1,1,0
2198,0,0,0,1,0
2199,0,0,0,0,0
2200,0,0,0,0,1
2201,0,0,0,1,0
2202,0,0,0,0,1
2203,0,0,0,1,1
2204,0,0,0,1,0
2205,0,0,0,1,1
2206,0,0,1,1,0
2207,0,0,1,0,0
2208,0,0,0,1,0
2209,0,0,0,1,0
2210,0,0,0,1,1
2211,0,0,0,1,1
2212,0,0,0,1,1
2213,0,0,0,1,1
2214,0,0,0,1,1
2215,0,0,0,1,1
2216,0,0,1,0,1
2217,1,0,1,1,1
2218,0,0,0,1,0
2219,0,0,0,1,1
2220,0,0,0,1,1
2221,0,0,0,1,1
2222,1,0,0,1,0
2223,0,1,0,0,0
2224,0,1,0,1,0
2225,0,0,0,1,0
2226,1,1,0,1,1
2227,1,0,0,1,0
2228,0,0,0,1,1
2229,0,1,0,1,0
2230,0,0,0,1,1
2231,0,0,0,0,1
2232,0,0,0,1,0
2233,0,0,0,1,1
2234,0,1,0,0,1
2235,0,0,0,0,1
2236,0,0,0,0,1
2237,0,0,0,1,1
2238,1,0,0,0,1
2239,0,0,0,1,1
2240,1,0,0,0,1
2241,0,1,0,0,1
2242,0,0,0,0,0
2243,0,0,0,0,1
2244,1,0,0,0,0
2245,0,0,0,1,0
2246,0,0,0,1,1
2247,0,1,0,1,1
2248,0,1,0,1,0
2249,0,0,0,1,0
2250,0,0,0,1,1
2251,0,0,0,1,0
2252,1,0,0,1,1
2253,1,0,0,1,1
2254,1,0,0,1,1
2255,1,0,0,1,1
2256,0,0,0,0,1
2257,0,0,1,1,1
2258,0,0,0,0,0
2259,0,0,0,1,1
2260,0,0,0,1,0
2261,1,1,0,0,0
2262,0,0,0,1,1
2263,0,0,0,1,0
2264,0,0,0,0,0
2265,0,0,0,0,0
2266,0,0,0,1,1
2267,0,0,0,1,1
2268,1,0,1,1,0
2269,0,0,0,0,1
2270,1,0,0,1,0
2271,0,1,0,1,0
2272,0,0,0,1,1
2273,0,0,0,1,1
2274,1,0,0,1,1
2275,0,0,0,1,1
2276,0,1,0,0,1
2277,0,1,0,1,1
2278,0,1,0,1,1
2279,0,0,0,0,1
2280,0,0,0,1,1
2281,0,0,0,0,0
2282,0,0,1,1,1
2283,0,1,0,0,0
2284,0,0,0,0,1
2285,0,0,0,1,1
2286,0,0,0,1,1
2287,0,0,0,0,1
2288,0,0,0,1,0
2289,0,0,0,1,1
2290,0,0,0,1,0
2291,0,0,0,1,1
2292,0,0,1,1,1
2293,0,0,0,1,1
2294,0,0,0,1,1
2295,0,0,0,1,1
2296,1,0,1,1,0
2297,0,0,0,1,0
2298,0,1,0,0,1
2299,0,1,0,0,0
2300,0,0,0,0,1
2301,0,0,0,1,0
2302,1,0,0,0,1
2303,0,1,0,1,0
2304,0,0,0,1,1
2305,0,0,0,0,1
2306,0,0,0,1,0
2307,0,0,0,1,0
2308,0,1,1,0,0
2309,0,0,1,0,0
2310,0,0,0,0,0
2311,0,0,0,0,1
2312,0,0,1,1,1
2313,0,0,0,0,1
2314,0,0,0,1,1
2315,0,0,0,0,1
2316,0,0,0,0,0
2317,0,1,0,1,1
2318,0,0,0,1,1
2319,0,1,0,1,1
2320,0,0,0,1,0
2321,0,0,0,1,1
2322,1,0,0,0,0
2323,0,0,0,1,1
2324,0,0,0,0,0
2325,0,1,0,1,0
2326,0,0,0,0,0
2327,0,0,0,1,1
2328,0,0,0,0,1
2329,0,0,0,0,1
2330,0,0,0,1,0
2331,0,0,0,1,0
2332,1,0,1,1,0
2333,1,0,0,1,1
2334,0,0,0,0,1
2335,0,0,0,1,0
2336,0,0,0,1,0
2337,0,0,0,1,1
2338,0,0,0,1,0
2339,0,0,0,1,1
2340,0,0,0,0,1
2341,0,0,0,1,1
2342,0,0,0,1,0
2343,1,0,0,1,0
2344,1,0,0,1,1
2345,0,0,0,1,1
2346,0,0,0,1,1
2347,1,0,0,1,1
2348,1,0,1,1,0
2349,0,0,1,1,0
2350,1,1,0,1,0
2351,0,0,0,1,1
2352,0,0,0,0,1
2353,0,0,0,0,0
2354,0,0,0,1,0
2355,0,0,1,1,1
2356,0,1,0,1,1
2357,1,0,0,1,0
2358,0,1,0,0,0
2359,0,1,0,0,0
2360,0,0,0,1,1
2361,0,0,0,1,1
2362,0,0,0,0,0
2363,1,0,0,1,1
2364,0,0,1,1,1
2365,0,0,0,1,0
2366,1,0,0,1,0
2367,0,0,0,1,1
2368,0,0,0,0,1
2369,0,1,0,1,1
2370,0,0,0,1,1
2371,0,1,0,1,1
2372,0,1,0,1,1
2373,0,1,0,1,1
2374,0,0,0,1,1
2375,0,0,0,1,0
2376,0,0,0,0,1
2377,0,0,1,1,1
2378,0,0,0,1,1
2379,0,0,0,0,0
2380,0,0,0,0,1
2381,0,0,0,1,0
2382,0,0,0,0,0
2383,0,1,0,1,1
2384,0,0,0,1,1
2385,0,0,0,1,1
2386,0,0,0,1,1
2387,0,0,0,1,1
2388,0,0,0,0,1
2389,1,0,0,1,0
2390,0,1,0,0,0
2391,0,1,0,1,1
2392,0,0,0,1,1
2393,0,0,1,1,0
2394,0,0,0,0,1
2395,0,0,0,0,1
2396,0,0,0,1,1
2397,0,1,0,1,1
2398,1,0,0,1,1
2399,0,0,0,0,1
2400,0,0,0,1,1
2401,0,0,0,0,0
2402,0,1,0,1,1
2403,1,0,0,1,0
2404,0,0,1,1,1
2405,0,0,0,1,1
2406,0,0,1,0,0
2407,0,0,0,1,1
2408,0,0,0,1,1
2409,0,0,0,0,0
2410,0,0,0,1,1
2411,0,0,0,1,0
2412,0,0,0,1,0
2413,0,0,0,1,0
2414,0,0,0,1,0
2415,0,0,0,1,1
2416,0,0,1,1,1
2417,0,0,0,0,1
2418,0,0,0,1,1
2419,0,0,0,0,1
2420,0,0,0,1,1
2421,0,0,1,1,0
2422,0,0,0,1,1
2423,0,0,1,1,1
2424,0,0,1,0,0
2425,0,0,0,1,1
2426,0,0,0,0,0
2427,0,0,0,1,1
2428,0,0,0,1,0
2429,0,1,0,1,0
2430,0,0,0,0,0
2431,0,0,0,0,0
2432,0,0,0,1,0
2433,0,0,1,1,0
2434,0,0,0,1,1
2435,0,0,0,1,1
2436,0,0,0,1,1
2437,0,0,0,1,1
2438,0,1,0,1,0
2439,1,0,0,0,0
2440,0,1,0,1,1
2441,0,1,0,1,1
2442,0,0,1,0,1
2443,0,0,0,1,1
2444,0,1,0,1,1
2445,0,1,1,0,1
2446,0,0,1,1,0
2447,0,0,1,1,0
2448,0,0,0,1,1
2449,0,1,0,1,1
2450,0,0,0,1,0
2451,0,0,1,1,1
2452,0,0,0,0,0
2453,0,0,0,0,1
2454,0,0,0,1,1
2455,0,1,1,0,1
2456,0,0,1,0,1
2457,0,0,0,0,0
2458,1,0,0,0,0
2459,0,0,0,1,1
2460,0,0,1,1,0
2461,1,0,1,1,0
2462,0,0,0,0,1
2463,0,0,0,0,0
2464,1,0,0,1,1
2465,0,1,1,1,1
2466,0,0,0,0,1
2467,0,0,0,0,0
2468,0,0,0,1,0
2469,0,0,0,1,1
2470,0,0,0,0,1
2471,0,0,0,0,0
2472,0,0,1,1,1
2473,0,1,1,1,0
2474,0,1,0,1,1
2475,0,0,0,1,0
2476,1,0,0,1,1
2477,1,0,0,1,1
2478,0,0,0,0,1
2479,1,0,0,0,0
2480,1,0,0,0,0
2481,0,0,1,1,1
2482,0,0,0,1,1
2483,0,1,0,0,1
2484,0,0,0,1,0
2485,0,0,1,1,0
2486,0,0,0,1,0
2487,0,1,0,1,1
2488,0,1,0,1,1
2489,1,0,0,0,1
2490,1,1,0,1,1
2491,0,0,0,1,1
2492,1,0,0,1,1
2493,0,0,1,1,1
2494,1,1,0,0,0
2495,0,0,0,1,0
2496,0,0,1,0,0
2497,0,1,0,1,1
2498,0,0,1,1,0
2499,0,1,0,1,0
2500,1,0,0,1,0
2501,0,0,0,1,0
2502,0,0,1,1,0
2503,0,0,0,0,1
2504,0,0,1,1,1
2505,0,0,0,0,1
2506,0,0,0,1,1
2507,0,1,1,1,0
2508,0,0,0,1,0
2509,1,0,0,0,0
2510,0,0,0,1,1
2511,1,0,0,0,1
2512,0,0,0,1,1
2513,0,1,0,1,0
2514,0,1,0,0,0
2515,0,0,0,1,0
2516,1,0,0,0,1
2517,0,1,0,1,0
2518,1,0,0,1,0
2519,0,0,1,1,0
2520,0,1,0,1,0
2521,1,0,0,1,0
2522,0,0,0,1,0
2523,0,0,0,1,1
2524,0,0,0,1,0
2525,0,0,0,1,0
2526,0,0,1,1,1
2527,0,0,1,1,0
2528,0,0,0,1,1
2529,0,0,0,0,0
2530,0,1,0,0,1
2531,0,0,0,1,0
2532,1,0,0,1,0
2533,0,1,0,0,1
2534,0,0,0,1,0
2535,0,0,0,0,0
2536,0,0,0,1,0
2537,0,1,0,1,0
2538,0,0,0,0,0
2539,0,0,0,0,0
2540,0,0,0,1,1
2541,0,0,1,1,1
2542,0,0,0,1,1
2543,0,0,0,1,0
2544,0,0,0,1,0
2545,0,0,0,1,0
2546,0,0,0,1,0
2547,1,0,0,1,0
2548,0,0,0,1,0
2549,0,0,0,1,0
2550,0,1,1,1,1
2551,0,0,0,1,1
2552,0,0,0,1,0
2553,0,0,0,1,1
2554,0,0,0,1,0
2555,0,1,1,1,1
2556,0,1,1,0,0
2557,0,0,1,1,1
2558,1,0,0,1,1
2559,0,0,0,1,1
2560,0,0,0,1,0
2561,0,1,0,1,0
2562,0,0,0,1,0
2563,0,0,0,0,1
2564,0,0,0,1,0
2565,0,0,0,0,1
2566,0,0,0,1,1
2567,0,0,0,1,0
2568,0,0,0,1,1
2569,0,0,0,1,1
2570,0,0,0,1,0
2571,1,0,0,0,1
2572,0,0,0,1,0
2573,0,0,0,0,0
2574,0,0,0,0,1
2575,0,0,1,1,0
2576,1,0,0,1,1
2577,0,0,0,0,0
2578,0,0,0,1,1
2579,1,0,0,1,1
2580,0,0,0,0,1
2581,0,0,0,0,1
2582,0,0,0,1,0
2583,0,0,1,1,1
2584,0,0,0,0,0
2585,0,0,0,1,0
2586,0,0,0,1,1
2587,0,1,0,0,0
2588,0,0,0,0,0
2589,0,1,0,0,0
2590,0,0,0,1,0
2591,0,0,0,1,1
2592,1,0,0,1,1
2593,0,1,0,1,0
2594,0,0,0,1,1
2595,0,0,0,0,1
2596,0,0,0,1,1
2597,0,0,0,1,0
2598,1,0,0,1,0
2599,0,0,0,1,1
2600,0,0,0,1,1
2601,0,0,1,1,1
2602,0,1,1,1,0
2603,0,0,0,1,1
2604,0,0,1,1,1
2605,0,0,1,1,1
2606,0,0,0,1,1
2607,0,0,1,1,1
2608,0,0,0,1,1
2609,0,0,0,1,0
2610,1,0,0,1,0
2611,0,0,0,1,1
2612,0,0,0,1,1
2613,0,0,1,1,0
2614,0,0,0,1,1
2615,0,0,0,0,0
2616,1,0,0,1,1
2617,1,0,0,1,0
2618,0,0,0,1,0
2619,0,0,0,0,0
2620,0,0,0,1,1
2621,1,0,0,1,1
2622,0,1,0,1,0
2623,1,0,0,1,0
2624,0,0,0,1,1
2625,0,0,0,1,1
2626,0,0,0,1,1
2627,1,0,0,0,1
2628,0,1,0,1,1
2629,0,1,0,0,0
2630,0,0,0,0,1
2631,0,0,0,1,1
2632,0,0,0,1,1
2633,0,1,0,0,1
2634,0,0,0,1,0
2635,0,0,0,1,1
2636,1,0,0,1,1
2637,0,1,1,1,0
2638,1,0,0,1,1
2639,0,0,0,0,1
2640,0,0,0,1,1
2641,0,0,0,1,1
2642,0,0,0,1,0
2643,0,0,0,1,0
2644,0,0,0,0,1
2645,0,0,0,1,0
2646,1,0,0,1,1
2647,0,0,0,1,1
2648,0,0,0,0,1
2649,0,0,0,1,0
2650,1,0,1,1,0
2651,0,0,0,0,1
2652,0,0,0,1,1
2653,1,0,1,1,0
2654,0,0,0,1,1
2655,0,1,0,1,1
2656,0,0,1,1,1
2657,0,0,0,1,1
2658,0,1,0,1,1
2659,0,0,0,1,0
2660,0,0,1,1,1
2661,0,1,0,1,1
2662,0,0,0,0,1
2663,0,0,0,1,1
2664,0,0,0,1,0
2665,1,0,0,0,0
2666,0,1,0,1,1
2667,0,0,0,1,1
2668,0,0,0,1,0
2669,1,0,0,1,1
2670,0,0,0,1,0
2671,0,0,0,1,0
2672,0,0,1,1,1
2673,0,0,0,1,1
2674,0,0,0,1,1
2675,0,0,0,1,0
2676,1,0,0,1,0
2677,1,0,1,1,1
2678,0,0,0,1,1
2679,0,0,0,1,0
2680,0,0,1,1,0
2681,0,0,0,1,1
2682,0,1,0,1,1
2683,0,0,0,1,1
2684,0,0,0,1,1
2685,0,0,0,1,1
2686,0,0,0,1,0
2687,0,0,0,0,1
2688,0,0,1,1,1
2689,0,0,1,0,0
2690,0,0,1,0,1
2691,0,0,0,0,1
2692,0,0,0,0,1
2693,0,0,0,1,1
2694,0,0,0,1,1
2695,0,0,0,0,0
2696,0,0,0,1,1
2697,0,0,0,1,1
2698,0,0,0,1,0
2699,0,0,0,1,1
2700,0,0,0,1,1
2701,0,0,0,0,1
2702,0,0,1,1,1
2703,0,0,0,1,1
2704,0,1,0,0,0
2705,0,1,0,1,0
2706,0,0,1,1,1
2707,0,0,1,1,0
2708,0,0,0,1,0
2709,0,0,0,1,1
2710,1,1,0,0,1
2711,0,0,0,1,1
2712,0,0,0,1,1
2713,0,0,0,1,0
2714,1,0,1,1,0
2715,0,0,0,1,0
2716,0,0,0,1,1
2717,0,0,0,1,1
2718,0,0,0,1,1
2719,0,0,0,1,1
2720,0,0,0,1,1
2721,0,0,0,0,1
2722,0,0,0,1,0
2723,0,1,0,1,1
2724,0,0,1,0,1
2725,0,0,0,0,0
2726,0,0,0,1,0
2727,0,0,0,1,1
2728,0,0,0,0,1
2729,0,0,0,1,1
2730,0,0,0,0,1
2731,0,0,0,1,0
2732,0,0,0,1,1
2733,0,1,0,1,1
2734,1,0,1,0,0
2735,0,0,1,1,0
2736,0,0,0,0,0
2737,0,0,0,0,1
2738,0,0,0,0,1
2739,0,0,0,1,0
2740,0,0,0,0,1
2741,0,0,0,0,1
2742,0,0,0,1,1
2743,0,1,0,1,1
2744,0,1,0,0,1
2745,0,0,0,0,1
2746,0,1,0,1,1
2747,0,0,0,1,1
2748,0,1,0,1,1
2749,0,0,1,1,1
2750,0,0,0,0,1
2751,0,0,0,0,0
2752,0,0,0,1,0
2753,0,0,0,0,0
2754,0,0,0,1,1
2755,0,0,0,1,0
2756,0,0,0,0,1
2757,0,0,0,1,0
2758,0,1,0,0,1
2759,0,0,0,1,0
2760,1,0,0,1,1
2761,0,1,0,1,0
2762,0,0,0,1,1
2763,0,0,0,1,1
2764,0,1,0,1,1
2765,0,0,0,0,0
2766,0,0,0,0,1
2767,1,0,0,1,1
2768,1,0,0,1,1
2769,0,1,0,1,1
2770,0,0,1,1,1
2771,0,0,0,1,0
2772,0,1,0,0,0
2773,0,0,0,1,0
2774,0,0,0,1,1
2775,0,0,0,1,1
2776,0,0,0,1,1
2777,0,0,0,1,0
2778,0,0,0,1,0
2779,0,0,0,1,1
2780,0,0,0,1,0
2781,0,1,0,1,1
2782,0,0,1,0,0
2783,0,1,0,1,0
2784,0,0,0,1,1
2785,0,0,0,1,1
2786,0,0,0,1,0
2787,0,1,0,1,1
2788,0,0,1,1,1
2789,0,0,0,1,0
2790,0,0,0,0,1
2791,0,0,0,1,0
2792,0,0,1,0,1
2793,0,0,1,1,0
2794,1,0,0,1,1
2795,0,1,0,1,0
2796,0,0,0,0,1
2797,0,0,0,0,1
2798,0,0,0,1,0
2799,0,0,0,1,0
2800,0,0,0,1,1
2801,1,0,0,0,1
2802,0,1,0,1,0
2803,0,0,0,0,1
2804,0,0,0,1,0
2805,0,0,1,1,0
2806,0,0,0,1,1
2807,0,0,0,1,1
2808,0,0,0,1,0
2809,0,1,0,1,0
2810,0,0,0,1,1
2811,0,0,0,1,0
2812,1,0,0,0,1
2813,0,0,0,1,0
2814,0,0,0,1,1
2815,0,0,0,1,0
2816,0,0,0,0,0
2817,1,0,0,1,1
2818,0,0,0,0,0
2819,0,1,0,0,1
2820,0,0,0,1,0
2821,0,0,0,1,0
2822,0,0,0,0,0
2823,0,1,0,1,1
2824,0,1,0,1,1
2825,0,0,0,0,1
2826,0,0,0,1,1
2827,0,0,1,1,0
2828,0,0,0,1,0
2829,0,1,0,1,1
2830,0,0,0,1,1
2831,0,0,0,1,0
2832,0,0,0,1,0
2833,0,0,0,1,1
2834,0,1,0,1,0
2835,0,0,0,1,0
2836,0,0,1,1,1
2837,0,0,1,1,1
2838,0,0,0,1,1
2839,0,0,0,0,0
2840,0,0,0,0,1
2841,0,1,1,1,1
2842,0,1,0,1,0
2843,0,0,0,0,1
2844,0,0,0,1,1
2845,0,0,0,1,1
2846,0,0,0,1,0
2847,1,0,0,1,0
2848,0,0,0,0,1
2849,0,0,0,1,0
2850,1,0,0,1,0
2851,1,0,0,1,1
2852,0,0,1,0,1
2853,0,0,0,1,0
2854,0,0,0,1,0
2855,0,0,0,1,0
2856,0,0,0,1,0
2857,0,0,0,0,0
2858,0,0,0,0,1
2859,0,0,0,0,1
2860,1,0,0,1,1
2861,0,0,0,1,0
2862,0,1,1,1,1
2863,0,0,0,1,1
2864,0,1,0,1,0
2865,0,1,0,0,1
2866,0,0,0,1,0
2867,0,0,0,0,0
2868,0,0,0,1,1
2869,0,1,0,0,0
2870,0,0,0,0,0
2871,1,0,0,0,0
2872,1,0,0,1,0
2873,0,0,0,0,0
2874,0,0,0,1,1
2875,0,1,0,0,1
2876,0,0,0,1,1
2877,0,0,0,0,1
2878,0,1,0,1,0
2879,0,0,0,0,0
2880,1,0,0,1,0
2881,0,0,0,1,1
2882,0,0,0,1,0
2883,0,1,0,0,1
2884,0,0,0,1,1
2885,0,0,0,1,1
2886,0,0,0,1,0
2887,0,1,0,0,1
2888,0,0,0,1,0
2889,0,0,1,1,0
2890,0,0,0,0,1
2891,0,0,0,0,1
2892,0,0,1,1,1
2893,0,1,0,0,0
2894,0,0,1,0,1
2895,0,1,0,1,0
2896,0,0,0,1,1
2897,0,0,0,0,1
2898,1,0,0,0,1
2899,0,0,0,1,1
2900,0,0,0,1,1
2901,0,1,0,1,0
2902,0,0,0,1,1
2903,0,0,1,1,1
2904,0,0,0,0,1
2905,0,0,1,1,1
2906,0,1,0,1,0
2907,0,0,0,0,0
2908,0,1,0,1,1
2909,0,0,0,0,0
2910,0,0,0,1,1
2911,0,0,0,1,1
2912,0,0,0,1,0
2913,1,0,0,0,0
2914,0,0,0,1,1
2915,0,0,0,1,1
2916,0,1,1,1,1
2917,0,0,1,0,1
2918,0,0,0,1,1
2919,0,0,0,1,1
2920,0,0,0,1,1
2921,1,0,0,1,0
2922,0,0,0,1,0
2923,0,0,0,0,1
2924,0,0,0,1,0
2925,1,0,0,1,0
2926,0,1,0,1,0
2927,0,0,0,1,0
2928,1,0,0,1,1
2929,0,0,0,1,0
2930,0,0,1,1,1
2931,0,0,0,1,1
2932,0,0,0,1,0
2933,1,0,0,1,0
2934,0,0,0,0,1
2935,0,1,0,1,0
2936,0,1,0,1,1
2937,0,0,0,1,0
2938,0,0,0,1,1
2939,0,0,0,0,1
2940,0,0,1,1,1
2941,0,1,0,1,1
2942,0,0,0,1,1
2943,0,0,1,0,0
2944,0,0,0,1,1
2945,0,0,1,0,1
2946,0,0,0,1,1
2947,0,0,0,0,1
2948,0,0,0,1,1
2949,0,0,0,0,0
2950,0,0,0,0,1
2951,0,0,1,1,0
2952,1,0,0,1,0
2953,0,0,1,1,1
2954,0,0,0,1,0
2955,1,0,0,1,0
2956,0,0,0,0,1
2957,0,0,0,0,0
2958,0,0,1,1,0
2959,1,0,0,0,1
2960,0,0,0,0,1
2961,0,0,0,1,1
2962,1,0,1,0,0
2963,0,0,0,1,1
2964,0,0,0,0,1
2965,1,0,0,1,1
2966,0,0,0,0,1
2967,0,0,0,1,1
2968,1,0,1,1,1
2969,0,0,0,1,1
2970,1,0,0,1,0
2971,1,0,0,1,0
2972,1,0,0,1,0
2973,1,0,0,1,0
2974,1,0,0,1,0
2975,1,0,0,1,0
2976,1,0,0,1,0
2977,1,0,0,1,0
2978,1,0,0,1,0
2979,1,0,0,1,0
2980,1,0,0,1,0
2981,1,0,1,1,0
2982,1,0,0,1,0
2983,1,0,0,1,0
2984,1,0,0,1,0
2985,0,0,0,1,0
2986,0,0,0,1,1
2987,0,0,0,1,1
2988,0,0,0,1,0
2989,0,1,0,1,0
2990,0,1,0,1,0
2991,0,0,0,1,0
2992,0,0,0,1,0
2993,0,0,0,1,1
2994,0,1,0,0,0
2995,0,0,0,1,0
2996,0,0,0,0,0
2997,0,1,0,1,0
2998,0,0,0,1,0
2999,0,0,0,0,0
3000,0,0,1,0,0
3001,0,0,0,1,0
3002,0,0,1,0,1
3003,0,1,0,0,0
3004,0,0,0,0,0
3005,0,0,0,0,0
3006,0,0,0,0,1
3007,0,0,0,0,1
3008,0,0,0,0,0
3009,1,0,0,1,0
3010,0,0,0,0,1
3011,0,0,0,1,0
3012,0,0,0,0,1
3013,0,0,1,1,0
3014,0,0,0,0,0
3015,0,0,0,0,0
3016,0,0,0,1,1
3017,1,0,1,0,0
3018,0,0,0,1,1
3019,0,0,0,1,0
3020,0,0,1,0,1
3021,0,0,0,0,1
3022,0,0,0,1,0
3023,0,0,1,1,1
3024,0,0,0,0,1
3025,0,0,0,0,0
3026,0,0,0,0,0
3027,1,0,0,0,0
3028,0,0,0,1,0
3029,1,0,0,0,0
3030,0,0,1,0,0
3031,0,0,0,1,0
3032,0,0,0,0,1
3033,0,0,1,1,0
3034,0,0,0,1,1
3035,0,0,0,1,0
3036,0,1,0,1,0
3037,0,0,0,1,0
3038,0,0,0,1,0
3039,0,0,1,1,0
3040,0,0,0,1,0
3041,0,0,0,1,1
3042,0,0,0,1,1
3043,0,0,0,1,0
3044,0,0,0,1,0
3045,0,0,1,0,1
3046,0,0,0,0,0
3047,0,0,0,1,1
3048,0,0,0,0,1
3049,0,0,0,0,1
3050,0,1,0,1,0
3051,0,0,0,1,0
3052,1,1,0,1,1
3053,0,0,0,0,0
3054,0,0,0,1,1
3055,1,0,0,1,1
3056,0,0,0,1,0
3057,0,0,0,1,0
3058,1,1,0,1,0
3059,0,0,0,0,1
3060,0,1,0,1,0
3061,0,1,0,1,0
3062,0,0,0,1,0
3063,0,0,0,1,0
3064,0,0,1,0,1
3065,1,0,0,0,0
3066,0,0,1,0,1
3067,0,0,0,1,1
3068,0,0,1,1,1
3069,1,1,0,1,1
3070,0,0,0,1,0
3071,0,0,0,0,1
3072,0,0,0,1,0
3073,0,0,0,0,0
3074,0,0,0,0,1
3075,0,0,0,0,1
3076,0,0,0,1,1
3077,1,0,1,1,1
3078,1,0,0,0,1
3079,0,1,0,1,0
3080,0,0,0,1,0
3081,1,0,0,1,1
3082,0,0,0,1,0
3083,0,0,1,1,0
3084,0,0,1,1,0
3085,0,0,0,0,1
3086,0,0,1,1,0
3087,0,0,0,1,1
3088,1,0,0,1,0
3089,0,0,1,1,1
3090,0,0,0,1,0
3091,0,0,1,1,0
3092,0,0,0,0,0
3093,0,0,0,1,0
3094,0,0,0,1,0
3095,0,1,0,1,1
3096,0,0,0,0,0
3097,0,0,0,0,1
3098,0,1,0,0,1
3099,0,0,0,0,1
3100,0,0,0,1,0
3101,0,0,0,1,0
3102,0,1,0,1,0
3103,0,0,0,0,1
3104,0,0,0,0,0
3105,0,1,0,0,0
3106,0,1,0,0,0
3107,1,0,1,1,1
3108,0,0,1,1,0
3109,0,0,0,1,1
3110,0,0,0,0,1
3111,0,0,0,0,1
3112,0,0,0,1,0
3113,0,0,0,1,1
3114,0,0,1,0,1
3115,1,0,0,1,0
3116,0,0,1,1,0
3117,0,0,0,0,1
3118,0,0,0,1,0
3119,0,0,0,0,0
3120,1,0,0,0,1
3121,0,0,0,1,0
3122,0,0,0,1,0
3123,0,1,0,0,1
3124,0,0,0,0,0
3125,0,1,0,1,0
3126,0,0,0,1,1
3127,0,0,0,1,1
3128,0,0,0,0,1
3129,0,0,0,1,0
3130,0,0,0,1,1
3131,0,0,0,0,1
3132,0,0,0,0,1
3133,1,0,0,1,0
3134,0,0,0,1,1
3135,0,0,0,1,0
3136,0,0,0,1,1
3137,0,1,0,1,1
3138,0,0,0,1,1
3139,0,0,0,1,0
3140,0,0,0,0,1
3141,0,0,0,1,0
3142,0,0,1,1,1
3143,0,0,0,0,1
3144,0,1,0,1,0
3145,0,0,0,0,1
3146,0,0,0,1,1
3147,0,0,0,1,1
3148,1,0,0,0,1
3149,0,0,1,1,1
3150,0,1,1,1,0
3151,0,0,0,1,1
3152,0,0,0,0,1
3153,0,0,0,0,0
3154,0,1,0,0,1
3155,0,0,0,0,1
3156,0,0,1,1,0
3157,0,0,0,1,0
3158,0,0,1,1,0
3159,0,0,1,1,0
3160,0,0,0,0,1
3161,1,0,0,1,0
3162,0,0,0,1,1
3163,0,0,0,1,1
3164,0,0,1,1,1
3165,0,0,0,1,1
3166,1,0,0,1,1
3167,0,0,0,1,1
3168,0,0,0,0,1
3169,0,0,0,1,0
3170,0,0,0,1,0
3171,0,0,0,1,1
3172,0,0,0,1,1
3173,0,0,0,1,0
3174,0,1,1,0,0
3175,0,0,0,1,1
3176,0,0,0,1,1
3177,0,0,0,1,0
3178,0,0,0,1,1
3179,1,0,0,1,0
3180,0,0,0,1,1
3181,0,0,0,1,0
3182,0,0,0,0,0
3183,1,0,0,1,0
3184,0,0,0,1,0
3185,0,0,1,1,0
3186,0,0,0,0,0
3187,0,0,0,0,1
3188,0,0,0,1,1
3189,0,0,0,0,0
3190,0,0,0,1,1
3191,0,0,0,0,1
3192,0,0,0,0,1
3193,0,1,0,0,1
3194,0,0,0,0,0
3195,0,0,0,0,1
3196,0,1,0,1,1
3197,1,0,0,1,0
3198,0,0,1,1,0
3199,1,0,0,1,1
3200,1,0,0,0,1
3201,0,0,0,0,0
3202,0,0,1,0,0
3203,0,0,0,1,0
3204,0,0,1,1,0
3205,0,0,0,0,0
3206,0,0,0,1,0
3207,1,0,0,1,1
3208,1,0,0,1,1
3209,0,0,0,1,0
3210,0,0,0,0,0
3211,0,0,1,1,1
3212,0,0,1,1,1
3213,1,0,1,1,1
3214,0,0,0,1,0
3215,0,0,1,1,1
3216,0,0,0,1,1
3217,0,1,0,0,1
3218,1,0,0,1,1
3219,0,0,0,1,1
3220,0,0,0,1,0
3221,0,0,0,0,1
3222,0,0,1,0,1
3223,0,0,0,1,0
3224,0,0,0,0,0
3225,0,0,0,0,1
3226,0,0,0,1,0
3227,0,0,0,0,0
3228,0,0,0,1,0
3229,0,0,1,1,1
3230,1,0,0,1,0
3231,0,0,0,1,0
3232,0,0,1,0,1
3233,0,0,0,0,0
3234,0,0,0,1,0
3235,0,0,0,0,0
3236,0,0,0,0,1
3237,0,1,0,1,0
3238,0,0,0,1,1
3239,0,0,0,0,1
3240,1,0,0,0,0
3241,0,0,0,0,1
3242,0,0,0,1,1
3243,0,0,0,0,0
3244,0,0,0,1,1
3245,0,0,0,1,0
3246,0,0,1,1,1
3247,0,0,0,1,0
3248,0,0,0,1,1
3249,0,0,0,1,1
3250,0,0,0,1,0
3251,0,1,0,1,0
3252,1,0,0,1,0
3253,0,0,0,0,1
3254,0,0,1,1,1
3255,1,0,0,1,0
3256,1,0,0,1,1
3257,0,0,0,0,1
3258,1,0,0,0,1
3259,0,1,0,0,0
3260,0,0,0,1,0
3261,0,0,0,1,1
3262,0,1,1,0,0
3263,0,0,0,0,1
3264,0,0,0,1,0
3265,0,0,0,0,0
3266,0,0,0,0,1
3267,0,0,0,0,1
3268,0,0,1,0,0
3269,0,0,0,0,1
3270,0,0,0,0,1
3271,1,0,0,1,0
3272,0,1,0,1,1
3273,0,0,0,0,1
3274,0,0,0,0,1
3275,0,0,0,1,0
3276,0,0,1,0,1
3277,0,0,1,1,0
3278,0,0,0,1,1
3279,0,0,0,1,1
3280,0,0,0,1,1
3281,0,0,0,0,0
3282,0,0,0,0,0
3283,0,0,1,1,0
3284,0,0,0,1,0
3285,0,1,0,1,1
3286,0,0,0,0,1
3287,0,0,1,1,1
3288,0,1,0,0,0
3289,0,0,0,1,1
3290,1,0,0,0,0
3291,1,0,0,1,0
3292,0,0,0,0,1
3293,0,0,0,0,0
3294,0,0,0,0,1
3295,0,0,0,0,0
3296,0,0,0,1,0
3297,0,0,0,1,1
3298,0,0,0,0,0
3299,0,0,0,0,0
3300,0,0,0,1,1
3301,0,0,0,0,1
3302,0,0,0,0,0
3303,0,0,0,0,0
3304,1,0,1,1,1
3305,1,0,0,0,0
3306,0,0,0,1,1
3307,0,0,0,1,1
3308,0,0,0,0,1
3309,0,0,0,0,0
3310,0,0,0,1,1
3311,0,1,0,1,0
3312,0,0,0,1,1
3313,0,1,0,0,0
3314,1,0,0,1,1
3315,0,0,0,0,0
3316,0,0,0,1,0
3317,0,0,0,0,0
3318,0,0,0,1,0
3319,0,0,0,0,1
3320,0,1,0,0,1
3321,0,0,1,1,1
3322,0,0,0,1,0
3323,0,0,0,1,1
3324,0,0,0,1,1
3325,1,0,1,0,1
3326,0,0,1,1,0
3327,0,1,0,1,0
3328,0,0,0,1,0
3329,0,0,0,1,1
3330,0,0,0,0,1
3331,0,0,0,0,1
3332,0,0,0,0,1
3333,0,0,0,0,0
3334,0,0,0,1,0
3335,0,0,0,0,0
3336,0,1,0,1,0
3337,0,0,0,1,1
3338,0,1,0,1,0
3339,0,0,1,1,1
3340,0,0,0,0,1
3341,0,0,0,0,0
3342,1,0,0,0,1
3343,0,0,0,1,1
3344,0,0,0,1,1
3345,0,0,1,1,1
3346,0,0,0,0,0
3347,0,0,0,0,0
3348,0,0,0,0,1
3349,0,0,0,1,1
3350,0,0,0,0,0
3351,0,1,0,1,1
3352,0,0,0,0,1
3353,0,0,0,0,1
3354,0,0,0,0,0
3355,0,0,0,1,0
3356,0,0,0,0,1
3357,0,0,0,0,1
3358,1,0,0,0,1
3359,0,0,0,1,1
3360,0,0,0,0,1
3361,0,0,0,0,1
3362,0,0,0,0,1
3363,0,0,0,1,0
3364,1,0,0,0,1
3365,0,0,0,0,1
3366,0,0,0,0,1
3367,0,0,0,0,1
3368,0,0,0,1,1
3369,0,0,0,0,1
3370,0,0,0,0,0
3371,1,0,0,0,1
3372,0,0,0,0,0
3373,0,1,0,0,0
3374,0,0,0,0,0
3375,0,0,0,1,1
3376,1,0,0,0,1
3377,0,0,0,0,0
3378,0,0,0,0,1
3379,0,0,0,1,1
3380,1,0,1,0,1
3381,0,1,1,0,0
3382,0,0,0,0,1
3383,0,0,0,1,0
3384,0,1,0,0,1
3385,0,0,0,0,1
3386,0,0,0,1,1
3387,0,0,0,1,0
3388,0,0,0,0,0
3389,1,1,0,1,0
3390,0,0,0,0,1
3391,0,0,1,0,1
3392,0,0,0,1,1
3393,0,0,1,1,0
3394,0,0,0,0,0
3395,0,0,0,0,0
3396,0,0,0,0,0
3397,0,0,1,0,1
3398,0,0,0,0,0
3399,0,0,0,1,0
3400,0,0,0,0,1
3401,0,0,1,1,1
3402,0,0,0,0,1
3403,0,0,0,0,1
3404,0,0,0,0,0
3405,1,0,0,0,0
3406,0,0,0,1,1
3407,0,0,0,0,1
3408,0,0,0,1,1
3409,0,0,1,0,1
3410,0,0,0,1,1
3411,0,0,0,1,1
3412,0,0,0,1,0
3413,1,0,1,1,0
3414,0,0,0,0,0
3415,1,0,0,1,0
3416,0,0,0,1,1
3417,0,0,0,1,1
3418,0,0,0,1,0
3419,0,0,0,0,0
3420,0,0,0,1,0
3421,0,0,1,0,1
3422,0,0,0,0,1
3423,0,0,0,1,1
3424,0,1,0,0,0
3425,0,0,0,1,1
3426,0,0,1,1,0
3427,0,0,1,1,0
3428,0,0,0,1,1
3429,0,0,0,0,1
3430,0,0,0,0,1
3431,0,0,0,0,1
3432,0,0,0,1,0
3433,0,1,0,0,1
3434,0,0,0,1,0
3435,0,0,0,1,1
3436,0,0,0,1,0
3437,0,0,0,1,0
3438,0,0,0,1,1
3439,0,0,0,0,1
3440,0,0,0,1,0
3441,1,1,1,1,0
3442,0,0,0,0,0
3443,0,0,0,0,0
3444,1,0,0,0,0
3445,0,0,0,0,0
3446,0,0,0,1,1
3447,0,1,0,1,1
3448,0,0,1,1,0
3449,0,0,0,0,1
3450,0,0,0,0,0
3451,0,0,1,1,1
3452,0,0,0,1,1
3453,0,0,0,0,0
3454,0,0,0,1,1
3455,0,0,0,0,0
3456,0,0,0,1,0
3457,0,0,0,0,0
3458,0,0,0,0,0
3459,0,0,0,0,0
3460,0,0,0,0,1
3461,1,0,0,0,1
3462,0,0,0,0,1
3463,1,0,0,1,1
3464,0,0,0,1,0
3465,1,0,0,0,1
3466,0,0,0,1,1
3467,0,0,0,1,0
3468,0,0,1,0,0
3469,0,0,0,1,1
3470,0,0,1,0,0
3471,0,0,0,1,0
3472,1,0,0,1,0
3473,0,0,0,1,1
3474,0,0,0,1,1
3475,0,0,0,1,0
3476,0,0,0,0,0
3477,0,0,0,1,1
3478,0,1,0,1,1
3479,0,0,0,0,1
3480,0,0,0,1,0
3481,0,0,0,1,0
3482,0,0,0,1,0
3483,0,0,1,1,1
3484,0,0,0,1,1
3485,0,0,0,1,1
3486,0,0,0,1,0
3487,0,1,1,0,0
3488,0,0,0,0,1
3489,0,0,0,1,1
3490,1,0,1,0,1
3491,0,0,0,1,1
3492,0,0,0,1,0
3493,0,0,0,1,1
3494,0,0,0,1,0
3495,0,0,1,0,1
3496,0,0,0,0,0
3497,0,0,0,1,0
3498,0,0,0,0,1
3499,0,0,0,1,0
3500,1,0,0,1,0
3501,0,1,0,1,0
3502,1,0,0,0,0
3503,0,0,0,1,0
3504,0,1,0,1,0
3505,0,0,1,0,1
3506,0,0,0,1,0
3507,0,0,0,1,1
3508,0,1,0,1,1
3509,0,0,0,0,0
3510,0,0,0,0,0
3511,0,0,0,1,1
3512,0,0,0,1,1
3513,0,0,0,1,1
3514,0,0,1,1,0
3515,1,0,0,1,0
3516,0,0,0,1,0
3517,0,1,0,0,1
3518,0,0,0,0,0
3519,1,0,0,1,0
3520,0,1,0,0,0
3521,0,0,0,1,1
3522,0,0,0,0,1
3523,1,0,0,0,0
3524,0,0,0,0,1
3525,0,1,0,1,1
3526,1,0,1,1,0
3527,1,0,0,0,0
3528,0,0,0,1,1
3529,0,0,0,0,0
3530,0,0,0,1,1
3531,0,0,0,0,0
3532,0,0,0,0,0
3533,0,0,0,0,0
3534,0,0,0,1,1
3535,0,0,0,1,1
3536,0,0,0,0,1
3537,0,0,0,1,1
3538,0,0,0,1,1
3539,0,0,0,1,1
3540,0,0,0,0,1
3541,0,0,1,0,0
3542,0,0,0,1,0
3543,0,0,0,1,1
3544,0,0,0,1,1
3545,0,0,0,0,0
3546,0,0,0,0,0
3547,0,0,1,0,0
3548,1,0,0,1,1
3549,0,0,0,1,1
3550,0,0,0,0,0
3551,0,0,1,0,1
3552,1,0,0,0,0
3553,0,0,0,1,1
3554,1,0,0,0,1
3555,0,0,0,1,1
3556,0,0,0,0,0
3557,0,0,0,1,0
3558,0,0,1,1,0
3559,0,0,0,1,1
3560,0,0,0,0,1
3561,0,0,0,1,0
3562,1,0,0,0,0
3563,0,0,0,0,1
3564,0,0,0,1,0
3565,0,0,0,1,1
3566,0,0,0,0,0
3567,1,0,0,0,0
3568,0,0,0,1,0
3569,0,0,0,0,1
3570,0,0,0,1,1
3571,1,0,0,1,1
3572,0,1,0,1,1
3573,0,0,0,0,0
3574,0,1,0,1,0
3575,0,0,1,1,1
3576,0,0,1,1,1
3577,0,0,0,0,1
3578,0,0,1,1,1
3579,0,0,0,1,0
3580,0,0,0,0,1
3581,0,1,0,0,1
3582,0,0,0,1,1
3583,0,0,1,1,1
3584,0,0,0,0,1
3585,0,1,0,1,0
3586,0,0,0,1,0
3587,0,0,0,1,1
3588,0,0,0,1,0
3589,0,0,1,1,1
3590,0,0,1,0,0
3591,0,0,0,0,1
3592,0,0,0,0,0
3593,0,0,0,0,0
3594,0,0,0,1,1
3595,0,0,0,1,1
3596,0,0,0,1,1
3597,0,0,0,0,1
3598,0,0,0,0,1
3599,0,0,0,1,1
3600,0,0,0,1,1
3601,0,0,0,1,1
3602,0,0,0,1,0
3603,0,0,0,1,1
3604,0,0,0,1,0
3605,0,0,0,1,0
3606,0,0,0,0,1
3607,0,0,0,1,1
3608,0,0,0,1,0
3609,0,0,0,1,0
3610,0,0,0,1,0
3611,0,0,0,1,1
3612,0,0,0,0,1
3613,0,0,0,1,1
3614,0,0,0,0,1
3615,0,0,0,0,1
3616,0,0,0,0,1
3617,0,0,0,0,1
3618,0,0,0,1,0
3619,0,0,0,0,0
3620,0,0,1,0,1
3621,0,0,0,1,1
3622,0,0,0,0,1
3623,0,0,0,1,1
3624,0,0,0,1,0
3625,0,0,0,1,0
3626,0,0,1,0,1
3627,0,0,0,0,0
3628,1,0,0,0,1
3629,0,0,0,1,1
3630,0,0,0,1,1
3631,0,0,0,0,1
3632,0,1,0,0,1
3633,0,0,0,0,0
3634,0,0,0,1,1
3635,0,0,0,0,0
3636,0,1,0,0,0
3637,1,0,0,1,0
3638,0,0,0,1,1
3639,0,0,1,1,1
3640,0,1,0,1,0
3641,0,1,0,1,0
3642,0,0,1,1,1
3643,0,0,0,0,0
3644,0,0,0,1,0
3645,0,0,0,1,1
3646,0,1,0,1,0
3647,0,0,0,0,1
3648,0,0,0,0,1
3649,0,0,0,1,0
3650,0,0,0,1,1
3651,0,0,0,1,1
3652,0,0,0,0,0
3653,0,0,0,1,0
3654,0,0,0,0,1
3655,0,0,0,0,0
3656,0,0,0,1,1
3657,0,0,0,1,0
3658,0,0,0,1,1
3659,0,1,0,0,1
3660,0,0,0,0,0
3661,0,0,0,0,0
3662,0,0,0,1,1
3663,0,0,0,0,1
3664,0,0,0,0,1
3665,0,0,0,1,0
3666,1,0,0,1,0
3667,0,0,0,1,0
3668,0,1,0,1,1
3669,0,0,0,1,0
3670,0,0,1,0,0
3671,0,0,0,1,0
3672,0,0,0,0,0
3673,0,1,0,1,1
3674,0,0,0,1,0
3675,0,0,0,0,1
3676,0,0,0,1,1
3677,0,0,0,0,1
3678,0,0,0,1,1
3679,0,0,0,1,0
3680,0,0,1,0,0
3681,0,0,0,1,1
3682,0,0,0,1,0
3683,1,0,0,1,1
3684,1,0,0,0,1
3685,0,0,0,1,1
3686,1,0,0,1,1
3687,0,0,1,1,1
3688,0,0,0,1,0
3689,1,0,0,1,1
3690,0,0,0,1,0
3691,0,0,0,0,1
3692,0,0,0,1,0
3693,0,1,0,0,0
3694,0,0,0,1,0
3695,0,0,0,1,1
3696,0,0,1,1,0
3697,0,0,0,1,1
3698,0,0,0,0,1
3699,0,0,0,0,1
3700,0,0,0,1,1
3701,1,0,0,0,1
3702,0,0,0,0,1
3703,0,0,0,1,0
3704,0,0,0,1,0
3705,0,0,0,1,0
3706,0,0,0,0,1
3707,0,1,0,0,0
3708,0,0,0,0,1
3709,0,0,0,0,1
3710,0,0,1,1,0
3711,0,0,0,1,0
3712,0,0,0,1,0
3713,0,0,0,0,1
3714,0,0,0,0,1
3715,0,0,0,1,1
3716,0,0,1,1,1
3717,1,0,0,0,1
3718,0,0,0,0,0
3719,1,0,0,1,0
3720,0,0,0,0,1
3721,0,0,0,0,0
3722,0,0,1,1,0
3723,0,1,0,0,0
3724,1,0,0,0,1
3725,0,0,0,1,0
3726,0,0,0,1,0
3727,1,0,0,1,1
3728,0,0,0,0,1
3729,1,0,0,1,0
3730,1,0,0,0,0
3731,0,0,0,1,1
3732,0,0,0,0,0
3733,1,0,0,0,1
3734,0,1,1,1,0
3735,0,0,1,0,0
3736,1,0,0,1,0
3737,0,0,0,1,0
3738,0,0,0,1,0
3739,0,0,0,1,0
3740,0,0,0,0,0
3741,0,0,0,1,0
3742,0,0,0,1,0
3743,1,0,0,0,0
3744,1,0,0,1,1
3745,0,0,0,0,0
3746,0,0,1,1,0
3747,0,0,0,1,1
3748,0,0,0,0,1
3749,0,1,0,0,1
3750,0,0,0,0,1
3751,0,0,0,0,1
3752,0,0,0,1,1
3753,0,0,0,0,1
3754,1,0,0,0,1
3755,0,0,0,1,1
3756,0,0,0,1,1
3757,0,0,0,0,1
3758,0,0,0,1,0
3759,0,0,0,0,1
3760,0,0,0,1,0
3761,0,0,0,0,0
3762,0,0,0,1,0
3763,0,0,0,1,0
3764,0,0,0,1,1
3765,0,0,0,0,1
3766,0,0,0,0,1
3767,0,1,0,1,0
3768,0,0,0,1,1
3769,0,0,0,0,1
3770,1,0,0,0,0
3771,0,1,0,0,1
3772,0,0,0,1,0
3773,0,0,0,0,1
3774,0,0,0,0,0
3775,0,0,0,1,1
3776,0,0,0,1,1
3777,0,0,0,0,0
3778,0,1,0,1,0
3779,0,1,0,1,1
3780,1,0,0,0,0
3781,0,0,0,0,0
3782,0,0,0,0,0
3783,0,1,0,1,1
3784,0,0,0,0,0
3785,0,0,0,1,0
3786,0,1,0,1,0
3787,0,0,1,1,1
3788,0,0,0,1,0
3789,0,0,0,1,1
3790,0,0,0,1,0
3791,0,0,1,0,1
3792,0,1,0,0,0
3793,0,1,0,0,1
3794,0,0,0,1,1
3795,0,0,0,0,1
3796,0,0,0,1,1
3797,0,0,0,1,1
3798,0,0,0,0,1
3799,0,0,0,1,0
3800,0,0,0,0,1
3801,1,0,0,1,1
3802,0,0,0,1,0
3803,0,0,0,0,1
3804,0,0,0,1,1
3805,0,0,1,1,1
3806,0,0,0,1,1
3807,0,0,0,0,0
3808,0,0,0,1,0
3809,0,0,0,0,0
3810,1,0,0,1,0
3811,0,0,0,1,1
3812,1,0,0,1,0
3813,0,0,1,0,0
3814,0,0,0,0,1
3815,0,0,0,1,0
3816,0,0,0,0,0
3817,0,0,0,1,1
3818,0,0,0,0,0
3819,0,0,0,1,1
3820,0,1,0,0,0
3821,0,0,0,0,0
3822,1,0,1,0,0
3823,0,0,0,0,0
3824,0,0,0,1,1
3825,0,0,0,0,1
3826,1,0,0,1,1
3827,1,0,0,0,0
3828,1,1,0,0,0
3829,0,0,0,1,0
3830,0,0,0,0,1
3831,0,0,1,1,0
3832,1,0,0,0,1
3833,1,0,0,1,1
3834,0,0,1,1,0
3835,0,0,0,0,1
3836,0,0,0,0,0
3837,0,1,0,0,1
3838,0,1,0,1,1
3839,0,0,0,1,1
3840,0,0,0,1,1
3841,0,0,0,1,0
3842,0,0,0,1,1
3843,0,0,0,1,1
3844,0,0,0,1,0
3845,0,0,0,1,1
3846,0,0,0,0,0
3847,1,0,1,1,0
3848,0,0,0,1,0
3849,0,0,0,0,0
3850,0,0,1,1,0
3851,1,0,0,1,1
3852,0,1,0,1,1
3853,0,1,0,1,1
3854,0,0,0,0,0
3855,0,0,0,0,0
3856,0,0,0,1,0
3857,0,0,0,1,1
3858,0,0,1,1,0
3859,1,0,0,1,1
3860,0,1,0,0,0
3861,0,0,0,1,0
3862,1,0,0,0,1
3863,0,0,0,0,1
3864,0,0,0,1,1
3865,0,0,0,1,1
3866,0,0,1,0,1
3867,0,0,0,0,1
3868,0,0,0,1,1
3869,0,0,0,0,0
3870,0,0,0,1,1
3871,1,0,0,1,0
3872,0,0,0,0,1
3873,0,0,0,1,1
3874,0,0,0,0,1
3875,0,0,0,0,1
3876,0,0,0,0,0
3877,0,0,0,0,1
3878,0,0,0,0,0
3879,0,0,0,0,1
3880,0,0,0,0,1
3881,0,0,0,0,1
3882,0,0,0,0,1
3883,0,0,0,1,1
3884,1,0,0,1,0
3885,1,0,0,0,1
3886,0,0,0,1,0
3887,0,0,1,0,1
3888,0,0,0,0,1
3889,0,0,0,0,1
3890,0,0,0,1,1
3891,0,0,0,1,1
3892,0,0,0,0,0
3893,0,0,0,0,1
3894,0,0,0,0,1
3895,0,0,0,1,1
3896,1,1,0,1,1
3897,0,1,0,1,0
3898,1,0,0,1,0
3899,0,0,0,0,0
3900,1,0,0,1,0
3901,0,0,0,0,1
3902,0,0,0,0,0
3903,0,0,1,0,1
3904,0,0,0,1,1
3905,0,0,0,0,1
3906,0,0,0,1,1
3907,0,0,0,1,0
3908,0,0,0,1,0
3909,0,0,0,1,1
3910,0,0,0,1,0
3911,0,0,0,0,1
3912,1,0,0,0,1
3913,0,0,0,1,1
3914,0,0,0,0,1
3915,0,0,0,1,1
3916,1,0,0,1,0
3917,0,0,0,0,1
3918,0,1,1,1,0
3919,0,0,0,0,1
3920,0,0,0,0,1
3921,0,0,0,1,1
3922,0,1,0,0,1
3923,0,0,0,1,1
3924,0,0,0,1,0
3925,0,1,0,0,1
3926,0,0,0,1,0
3927,0,0,0,0,1
3928,0,1,0,1,1
3929,0,0,0,1,1
3930,0,0,0,1,1
3931,1,0,0,1,0
3932,0,0,0,1,1
3933,0,0,0,0,1
3934,0,0,0,0,1
3935,0,0,0,0,0
3936,0,0,0,0,1
3937,0,0,0,1,0
3938,1,0,0,1,0
3939,0,0,0,1,1
3940,0,0,0,1,0
3941,1,1,0,1,0
3942,0,0,1,0,0
3943,0,0,0,0,0
3944,0,0,0,1,1
3945,0,0,0,1,1
3946,0,0,0,1,0
3947,0,0,0,1,1
3948,0,0,1,0,0
3949,0,0,1,1,1
3950,0,0,0,1,1
3951,0,0,1,0,0
3952,0,1,0,0,1
3953,0,0,0,0,1
3954,0,0,0,1,1
3955,0,1,0,1,0
3956,0,1,0,1,0
3957,1,0,0,1,1
3958,1,0,0,1,0
3959,0,0,0,1,0
3960,0,0,0,1,1
3961,0,1,0,1,1
3962,0,0,0,1,0
3963,0,0,0,1,1
3964,0,0,1,0,0
3965,0,0,0,1,0
3966,0,0,1,1,1
3967,0,0,0,0,0
3968,0,0,1,1,1
3969,0,0,1,0,1
3970,0,0,0,1,1
3971,0,0,0,1,1
3972,0,1,0,1,1
3973,0,1,0,1,0
3974,1,0,0,0,1
3975,1,0,0,0,1
3976,0,0,0,1,1
3977,0,0,0,0,0
3978,0,0,0,1,1
3979,0,0,0,1,0
3980,0,0,0,0,0
3981,0,0,0,1,1
3982,0,0,0,1,1
3983,0,1,1,0,1
3984,0,0,0,1,0
3985,0,0,0,1,0
3986,0,0,0,0,1
3987,0,0,0,0,1
3988,0,0,0,0,1
3989,0,1,0,1,0
3990,0,0,0,1,0
3991,0,0,0,0,1
3992,0,0,0,1,0
3993,0,0,0,0,0
3994,0,0,0,1,0
3995,1,0,0,1,1
3996,0,0,0,0,1
3997,0,0,0,1,0
3998,0,0,0,1,1
3999,0,0,0,1,1
4000,0,0,0,0,1
4001,0,0,0,1,0
4002,1,1,0,1,0
4003,0,0,0,1,1
4004,0,0,1,0,1
4005,0,0,1,1,1
4006,0,0,0,0,1
4007,0,0,0,0,0
4008,0,1,0,1,1
4009,0,0,0,0,1
4010,0,0,0,1,0
4011,0,0,0,0,1
4012,1,0,0,1,1
4013,0,0,0,0,0
4014,0,0,0,0,0
4015,1,0,0,0,0
4016,0,0,0,1,0
4017,0,0,1,0,0
4018,0,0,1,1,0
4019,0,0,0,0,0
4020,0,1,0,1,1
4021,0,0,0,1,0
4022,0,0,0,1,1
4023,0,0,0,1,0
4024,0,0,1,0,1
4025,0,0,0,1,0
4026,0,0,0,0,1
4027,1,0,0,0,1
4028,0,0,0,0,1
4029,0,0,0,0,0
4030,0,0,0,1,1
4031,0,0,0,0,1
4032,0,0,0,1,1
4033,0,0,0,1,0
4034,0,0,0,1,0
4035,0,0,0,1,1
4036,0,1,0,1,1
4037,0,0,0,0,1
4038,0,0,1,0,0
4039,0,0,1,1,1
4040,0,0,1,0,1
4041,0,0,0,0,0
4042,1,0,0,1,1
4043,0,1,0,1,1
4044,0,0,0,0,1
4045,0,0,0,0,0
4046,0,0,0,1,0
4047,0,0,0,0,0
4048,1,0,0,0,0
4049,0,0,0,1,1
4050,0,0,0,1,0
4051,0,0,0,1,0
4052,1,0,0,1,0
4053,0,0,0,1,0
4054,0,0,0,1,1
4055,0,0,1,0,1
4056,0,0,0,1,1
4057,1,0,0,1,1
4058,0,1,0,0,1
4059,0,0,1,0,0
4060,0,0,0,0,1
4061,0,0,0,1,1
4062,1,0,0,1,0
4063,0,0,1,0,1
4064,0,0,0,1,1
4065,0,0,0,1,1
4066,0,0,0,0,1
4067,1,0,0,1,1
4068,0,0,0,1,1
4069,0,0,1,1,1
4070,0,0,0,0,1
4071,0,0,1,1,0
4072,0,0,0,0,1
4073,0,0,1,1,0
4074,0,0,0,1,0
4075,0,0,0,1,0
4076,1,0,0,0,1
4077,1,0,0,1,1
4078,0,1,1,0,0
4079,1,0,0,1,1
4080,0,1,0,0,0
4081,0,0,0,0,0
4082,0,0,0,0,1
4083,0,1,0,1,1
4084,0,0,0,0,0
4085,0,0,0,0,1
4086,0,0,0,1,0
4087,1,0,0,1,1
4088,0,0,0,1,1
4089,0,0,0,0,1
4090,0,0,0,0,1
4091,0,0,0,0,0
4092,0,0,0,1,1
4093,0,0,0,0,1
4094,0,0,0,0,0
4095,0,0,0,0,0
4096,0,0,0,1,0
4097,0,0,0,1,1
4098,0,0,0,1,1
4099,0,0,0,1,0
4100,0,0,0,1,0
4101,0,1,1,1,0
4102,1,0,0,0,0
4103,0,0,0,1,0
4104,1,1,0,1,1
4105,0,0,0,0,1
4106,0,0,0,1,0
4107,0,0,0,1,1
4108,0,0,0,1,0
4109,0,0,0,1,0
4110,1,1,0,0,0
4111,0,0,0,1,1
4112,0,1,0,1,0
4113,0,0,1,1,1
4114,0,0,0,1,1
4115,1,0,0,1,0
4116,0,0,0,0,1
4117,0,0,0,1,1
4118,1,0,0,1,1
4119,0,0,0,1,0
4120,0,0,1,1,1
4121,0,0,0,1,0
4122,0,0,0,0,0
4123,0,0,0,0,1
4124,0,0,1,1,1
4125,0,1,0,1,0
4126,0,0,0,0,0
4127,0,1,0,1,1
4128,0,0,0,0,1
4129,0,0,0,1,1
4130,0,0,1,1,1
4131,1,0,0,1,0
4132,0,0,0,1,0
4133,0,0,0,0,0
4134,1,0,0,1,1
4135,0,0,0,1,0
4136,1,0,0,0,0
4137,0,0,0,1,1
4138,1,0,1,1,1
4139,0,1,0,1,1
4140,0,0,1,1,0
4141,0,0,0,0,1
4142,0,0,0,1,0
4143,0,0,0,0,0
4144,0,0,0,1,1
4145,0,0,0,1,0
4146,0,0,0,1,1
4147,0,0,0,0,1
4148,1,0,0,1,1
4149,0,0,0,1,0
4150,0,0,0,1,1
4151,0,0,0,0,1
4152,0,0,0,0,0
4153,0,0,1,1,0
4154,1,0,0,0,1
4155,0,0,0,1,0
4156,0,0,0,0,1
4157,0,0,0,0,0
4158,0,1,0,1,1
4159,0,0,1,1,1
4160,0,0,0,0,0
4161,0,0,1,1,0
4162,0,1,0,1,0
4163,0,0,0,1,0
4164,0,0,0,0,0
4165,0,0,1,1,1
4166,0,0,0,1,0
4167,0,0,0,0,1
4168,0,0,0,0,1
4169,0,0,0,0,0
4170,0,0,1,0,0
4171,0,0,0,1,1
4172,0,0,0,1,1
4173,0,0,0,0,0
4174,0,0,0,1,1
4175,0,1,0,1,0
4176,1,0,0,0,1
4177,0,1,0,1,0
4178,1,0,0,1,0
4179,0,0,0,0,1
4180,0,0,0,1,0
4181,0,0,0,0,1
4182,0,0,0,1,1
4183,0,1,0,1,1
4184,0,0,0,0,1
4185,0,0,0,1,0
4186,0,0,0,0,0
4187,0,0,0,1,1
4188,1,0,1,1,0
4189,0,0,0,1,0
4190,0,0,0,1,1
4191,0,0,0,1,0
4192,0,0,0,1,1
4193,1,0,1,1,0
4194,0,0,0,1,1
4195,0,0,0,0,0
4196,0,0,1,1,0
4197,0,0,0,1,1
4198,0,1,0,1,0
4199,0,0,1,1,0
4200,0,0,0,0,1
4201,0,0,0,0,0
4202,0,0,0,0,1
4203,0,0,0,1,0
4204,0,0,0,1,1
4205,0,0,1,1,1
4206,0,0,1,0,1
4207,0,0,0,0,1
4208,0,0,0,0,1
4209,0,0,0,1,0
4210,1,0,0,1,0
4211,0,0,1,1,0
4212,0,0,0,1,1
4213,0,0,0,1,1
4214,0,0,0,0,1
4215,0,0,0,0,1
4216,0,0,0,1,0
4217,1,0,0,1,1
4218,1,1,0,1,1
4219,1,0,0,0,1
4220,0,0,0,1,0
4221,0,0,0,1,0
4222,0,0,0,1,1
4223,0,0,0,1,0
4224,0,0,0,0,1
4225,0,0,0,0,0
4226,0,0,0,0,0
4227,0,0,1,0,1
4228,0,0,0,0,1
4229,0,0,0,1,1
4230,0,1,0,0,1
4231,0,0,0,1,0
4232,0,0,0,1,1
4233,0,0,0,1,1
4234,0,0,0,1,1
4235,0,0,0,1,0
4236,0,0,0,1,0
4237,1,0,0,1,1
4238,0,0,0,1,0
4239,0,0,0,0,0
4240,0,0,0,0,1
4241,1,0,0,1,0
4242,0,0,0,0,1
4243,0,0,1,0,1
4244,0,0,0,1,1
4245,0,0,0,0,1
4246,0,0,0,0,1
4247,0,0,0,0,1
4248,0,1,0,0,1
4249,0,1,0,1,0
4250,0,0,0,0,0
4251,0,0,0,0,0
4252,0,1,0,1,1
4253,0,0,0,1,1
4254,0,0,0,1,1
4255,0,0,0,0,0
4256,0,0,0,0,0
4257,0,0,0,0,1
4258,0,0,0,0,1
4259,0,1,0,1,0
4260,0,0,1,1,1
4261,0,0,0,0,1
4262,0,0,0,1,1
4263,0,0,0,0,1
4264,0,0,0,1,0
4265,1,0,0,1,1
4266,0,0,0,1,0
4267,0,0,0,1,1
4268,0,0,0,1,0
4269,0,0,0,1,0
4270,0,0,0,0,0
4271,0,0,0,1,1
4272,0,0,1,0,1
4273,0,0,0,0,0
4274,0,0,0,0,0
4275,0,0,0,1,0
4276,0,0,0,1,0
4277,0,0,1,0,1
4278,0,0,0,0,1
4279,0,0,0,1,0
4280,0,0,0,1,1
4281,0,0,0,1,0
4282,0,0,1,1,0
4283,0,1,0,1,0
4284,0,0,0,1,0
4285,0,0,1,1,0
4286,0,1,0,1,1
4287,0,0,0,0,0
4288,0,0,1,1,1
4289,0,0,0,1,1
4290,0,0,0,1,0
4291,0,1,1,0,1
4292,0,1,0,1,1
4293,0,0,0,1,0
4294,0,0,0,1,0
4295,1,0,0,1,1
4296,0,0,1,0,0
4297,0,0,1,0,1
4298,0,0,1,0,1
4299,1,0,0,1,1
4300,0,0,1,1,0
4301,0,1,0,1,1
4302,0,0,0,1,0
4303,0,0,0,1,1
4304,0,1,0,0,1
4305,0,0,1,1,1
4306,0,0,1,0,0
4307,0,1,0,1,0
4308,0,1,0,1,1
4309,0,0,0,0,0
4310,0,0,0,1,1
4311,0,0,0,1,0
4312,0,0,0,0,0
4313,0,1,0,0,0
4314,0,0,0,1,0
4315,0,0,1,0,1
4316,0,0,1,0,0
4317,0,0,0,0,1
4318,0,1,0,0,1
4319,0,0,0,0,1
4320,1,0,1,0,1
4321,1,0,0,1,0
4322,0,0,0,0,1
4323,0,0,0,0,1
4324,0,0,0,1,1
4325,0,0,0,1,0
4326,0,0,1,1,0
4327,0,0,1,1,1
4328,1,0,0,0,1
4329,0,0,0,1,1
4330,1,0,0,0,1
4331,0,0,0,1,0
4332,0,0,1,0,1
4333,0,0,0,1,1
4334,0,0,0,1,0
4335,0,0,0,1,1
4336,0,0,0,1,1
4337,0,1,0,0,1
4338,0,0,0,0,0
4339,0,0,0,1,1
4340,0,0,0,1,1
4341,0,0,0,1,0
4342,0,0,0,0,1
4343,0,0,0,0,1
4344,0,0,0,1,1
4345,0,0,0,0,1
4346,0,0,0,1,0
4347,1,0,0,0,0
4348,0,0,0,0,1
4349,0,0,0,0,0
4350,0,0,0,0,1
4351,0,0,0,1,0
4352,0,0,0,0,0
4353,0,0,0,0,0
4354,0,0,0,1,1
4355,0,0,0,0,0
4356,1,0,0,1,1
4357,0,0,0,1,1
4358,0,0,0,0,0
4359,0,0,0,0,1
4360,1,0,1,0,1
4361,0,0,0,1,1
4362,0,0,0,0,0
4363,0,0,0,0,0
4364,0,0,1,1,0
4365,1,0,0,0,0
4366,0,0,0,1,1
4367,0,0,0,0,0
4368,1,0,1,1,0
4369,0,1,0,0,1
4370,0,0,0,1,0
4371,0,0,0,0,0
4372,0,0,0,1,1
4373,0,0,1,0,1
4374,0,0,0,1,1
4375,1,0,0,1,1
4376,0,0,0,1,0
4377,0,0,0,0,0
4378,0,0,0,1,0
4379,0,0,1,0,1
4380,0,0,0,1,0
4381,0,0,0,1,1
4382,0,0,1,1,0
4383,0,0,0,1,0
4384,0,0,0,0,0
4385,0,0,0,0,0
4386,0,0,1,1,0
4387,0,0,1,1,1
4388,0,0,0,1,1
4389,0,0,0,1,0
4390,0,0,0,1,0
4391,0,0,0,1,0
4392,0,0,0,0,1
4393,0,0,0,0,1
4394,0,0,0,0,1
4395,0,1,0,0,1
4396,0,0,1,0,1
4397,0,0,0,1,1
4398,0,0,0,1,1
4399,0,0,0,1,1
4400,0,0,0,1,1
4401,0,0,0,1,1
4402,0,0,0,1,1
4403,0,0,1,1,1
4404,1,0,0,1,0
4405,0,0,1,1,1
4406,0,0,0,1,1
4407,0,0,0,1,1
4408,0,0,0,1,0
4409,0,0,0,1,0
4410,0,0,0,1,1
4411,0,1,0,0,0
4412,0,1,0,1,1
4413,1,0,0,0,1
4414,0,0,0,1,0
4415,1,0,0,1,1
4416,0,0,0,0,1
4417,0,0,0,1,1
4418,0,0,0,1,1
4419,0,0,0,0,1
4420,1,0,0,1,0
4421,0,0,1,0,0
4422,0,0,0,1,0
4423,0,0,0,1,0
4424,0,0,0,1,0
4425,0,1,0,0,0
4426,0,1,0,0,1
4427,0,1,0,0,1
4428,0,0,1,0,0
4429,0,0,1,1,0
4430,0,0,1,0,0
4431,1,0,0,1,0
4432,1,0,0,1,0
4433,0,0,1,0,1
4434,0,1,0,0,1
4435,0,0,0,1,0
4436,0,0,0,0,1
4437,0,0,0,1,1
4438,0,0,1,1,0
4439,0,0,0,1,0
4440,0,0,0,1,0
4441,0,0,0,1,1
4442,0,0,0,1,0
4443,1,0,0,1,1
4444,0,0,0,0,1
4445,0,1,0,0,0
4446,1,0,0,1,1
4447,0,0,1,1,1
4448,0,0,1,1,0
4449,0,0,0,1,1
4450,0,0,0,0,0
4451,0,0,0,1,1
4452,0,0,0,0,1
4453,1,0,0,1,0
4454,0,0,1,0,0
4455,0,0,0,1,1
4456,0,0,0,1,0
4457,0,0,0,0,0
4458,0,1,0,1,1
4459,0,0,0,1,0
4460,1,0,0,1,1
4461,0,0,0,1,1
4462,0,1,0,0,0
4463,0,0,0,1,0
4464,0,0,0,1,1
4465,0,0,0,1,0
4466,0,0,0,1,1
4467,0,0,0,1,1
4468,0,0,0,0,1
4469,0,0,0,1,1
4470,0,0,0,0,1
4471,1,0,0,1,1
4472,0,0,0,1,1
4473,0,0,1,1,1
4474,0,0,0,0,1
4475,0,0,0,0,1
4476,0,0,0,0,0
4477,1,0,0,1,1
4478,0,1,0,1,1
4479,0,0,1,1,0
4480,0,1,0,0,0
4481,0,1,0,1,1
4482,0,0,0,0,0
4483,0,0,0,0,0
4484,0,0,0,1,0
4485,1,0,0,0,1
4486,0,0,0,0,0
4487,0,0,0,1,0
4488,0,0,0,0,1
4489,0,0,0,1,1
4490,0,0,0,0,0
4491,0,0,0,1,1
4492,0,0,0,1,0
4493,1,0,0,0,0
4494,0,0,0,0,0
4495,0,0,0,0,0
4496,0,0,0,1,1
4497,0,0,0,0,1
4498,0,1,0,1,0
4499,0,0,0,0,0
4500,0,1,0,0,0
4501,0,0,0,0,0
4502,0,0,0,1,0
4503,0,0,1,0,0
4504,1,1,0,0,1
4505,0,0,0,1,0
4506,1,0,1,1,1
4507,0,0,0,1,0
4508,0,0,0,1,0
4509,0,1,0,1,1
4510,0,0,0,1,1
4511,0,0,0,1,1
4512,0,0,0,1,1
4513,0,0,0,0,1
4514,0,0,0,0,1
4515,0,0,0,1,1
4516,1,0,1,1,0
4517,0,0,0,1,1
4518,0,0,0,1,0
4519,0,0,0,1,0
4520,0,0,1,0,0
4521,0,0,0,1,1
4522,0,0,0,0,1
4523,0,1,0,0,1
4524,0,1,0,0,1
4525,1,0,0,1,1
4526,0,0,0,0,0
4527,0,0,0,0,1
4528,0,0,0,1,1
4529,0,0,0,1,0
4530,0,0,0,0,0
4531,0,0,0,0,0
4532,1,0,0,1,1
4533,0,1,0,1,1
4534,0,0,0,0,1
4535,0,0,0,0,0
4536,0,0,0,0,0
4537,0,0,0,1,1
4538,0,0,0,1,0
4539,0,0,0,1,0
4540,0,0,0,0,1
4541,0,0,0,0,0
4542,0,0,1,0,1
4543,0,0,0,1,1
4544,0,1,0,0,1
4545,0,0,0,0,1
4546,0,1,0,1,0
4547,0,1,0,1,1
4548,0,0,0,1,0
4549,1,1,0,1,0
4550,0,0,0,0,1
4551,0,0,0,0,0
4552,0,0,0,0,1
4553,0,1,0,1,0
4554,1,0,0,1,0
4555,0,0,1,1,1
4556,0,0,0,1,0
4557,0,0,0,1,0
4558,0,0,0,1,1
4559,0,0,0,1,0
4560,0,0,0,0,1
4561,0,0,1,1,1
4562,0,0,0,1,0
4563,0,0,0,1,1
4564,0,0,0,1,1
4565,0,0,0,0,1
4566,1,0,0,1,0
4567,0,1,0,1,1
4568,0,1,0,1,1
4569,0,0,0,0,1
4570,0,1,0,1,1
4571,0,0,0,1,0
4572,0,0,0,1,0
4573,1,0,0,0,1
4574,0,0,0,0,1
4575,0,0,0,1,1
4576,1,0,0,1,0
4577,0,0,0,1,0
4578,0,1,0,1,1
4579,0,0,1,0,0
4580,0,0,0,1,1
4581,0,0,0,1,0
4582,0,0,0,1,1
4583,0,0,0,0,1
4584,1,0,0,1,1
4585,0,0,0,1,1
4586,1,0,0,1,1
4587,0,0,0,1,1
4588,0,0,0,0,0
4589,0,0,1,1,0
4590,0,0,0,0,0
4591,0,0,0,1,1
4592,0,0,0,1,1
4593,0,0,0,1,1
4594,0,0,0,1,1
4595,0,0,0,0,1
4596,0,0,1,1,1
4597,0,1,0,1,0
4598,0,0,0,0,0
4599,0,0,0,1,1
4600,0,0,0,1,0
4601,0,1,0,0,1
4602,1,0,0,0,1
4603,0,0,0,1,1
4604,0,0,0,0,1
4605,0,0,0,0,0
4606,0,0,0,1,1
4607,0,0,0,1,0
4608,0,0,0,1,1
4609,1,0,0,0,0
4610,1,0,0,1,0
4611,0,0,0,1,1
4612,0,1,0,0,0
4613,0,0,1,1,0
4614,0,0,0,0,1
4615,1,0,0,1,0
4616,0,0,0,1,1
4617,0,0,0,1,1
4618,0,0,0,0,0
4619,0,0,0,1,1
4620,1,0,0,0,0
4621,1,0,0,1,0
4622,0,0,0,1,1
4623,1,0,0,1,0
4624,0,0,0,0,0
4625,0,0,1,0,0
4626,0,0,0,0,1
4627,0,0,0,0,0
4628,0,1,0,0,1
4629,0,0,0,1,1
4630,0,0,1,1,0
4631,0,0,0,0,1
4632,0,0,0,0,1
4633,0,0,1,1,1
4634,0,0,1,1,0
4635,1,0,0,1,1
4636,0,0,0,1,1
4637,0,0,0,0,0
4638,1,0,1,1,1
4639,0,0,0,1,0
4640,1,0,0,1,0
4641,1,0,0,0,0
4642,0,0,0,0,1
4643,0,0,1,1,0
4644,0,0,1,0,0
4645,0,0,0,0,1
4646,0,1,0,1,1
4647,0,0,1,1,1
4648,1,0,0,1,0
4649,0,0,0,0,0
4650,0,0,0,0,1
4651,0,0,0,1,0
4652,0,0,0,1,1
4653,0,0,0,0,1
4654,0,0,0,1,1
4655,0,0,0,0,1
4656,0,0,1,1,1
4657,1,0,0,0,0
4658,1,0,0,0,1
4659,0,0,0,0,0
4660,0,1,0,1,0
4661,1,1,1,1,0
4662,1,0,0,1,1
4663,0,0,0,1,1
4664,1,0,0,1,1
4665,0,0,0,0,1
4666,0,1,0,1,0
4667,0,0,1,1,1
4668,0,0,0,0,1
4669,0,0,1,1,1
4670,0,0,0,0,0
4671,0,0,0,1,0
4672,0,0,0,0,1
4673,0,0,0,1,0
4674,0,1,0,1,1
4675,0,1,0,1,1
4676,0,0,0,1,0
4677,0,1,0,1,0
4678,0,0,0,0,0
4679,0,0,0,0,1
4680,0,0,0,0,0
4681,1,0,0,1,0
4682,0,0,0,1,0
4683,0,1,0,0,0
4684,0,1,0,1,1
4685,1,0,0,1,1
4686,0,0,0,0,1
4687,0,0,0,1,0
4688,0,0,0,1,1
4689,0,0,0,1,0
4690,0,0,0,0,1
4691,0,0,1,1,1
4692,1,0,0,0,1
4693,1,0,0,0,1
4694,0,0,0,1,1
4695,0,0,0,0,1
4696,0,1,0,0,0
4697,0,0,0,1,0
4698,0,0,1,1,1
4699,0,0,1,1,1
4700,0,0,1,0,1
4701,0,0,0,1,1
4702,0,0,0,1,0
4703,0,1,0,1,1
4704,0,1,0,1,0
4705,0,0,0,0,1
4706,0,0,0,0,1
4707,0,0,0,0,0
4708,0,0,0,0,1
4709,0,0,0,1,0
4710,1,0,0,0,1
4711,0,0,0,0,0
4712,1,0,0,1,0
4713,0,0,0,1,0
4714,0,0,0,0,1
4715,0,0,0,1,1
4716,0,0,0,0,1
4717,1,0,0,0,1
4718,0,0,0,1,1
4719,1,0,0,0,0
4720,0,0,0,1,0
4721,0,1,1,1,0
4722,0,0,0,0,0
4723,0,0,0,1,0
4724,0,0,1,1,1
4725,0,0,0,1,0
4726,0,0,0,1,1
4727,0,0,0,1,1
4728,1,0,0,1,0
4729,0,0,0,0,0
4730,0,0,0,1,0
4731,0,1,1,1,0
4732,0,0,0,1,0
4733,0,0,0,0,0
4734,0,0,0,0,1
4735,0,0,0,0,1
4736,0,0,1,0,1
4737,1,0,0,1,1
4738,0,1,0,1,1
4739,0,0,0,0,1
4740,0,0,0,0,0
4741,1,0,1,1,0
4742,0,1,0,1,0
4743,0,0,0,1,0
4744,0,1,0,1,1
4745,0,0,1,1,1
4746,0,0,0,0,1
4747,0,0,0,1,0
4748,0,0,1,0,1
4749,0,0,0,0,1
4750,0,0,0,0,1
4751,0,0,0,0,1
4752,0,0,1,1,0
4753,0,1,0,0,0
4754,1,0,0,0,1
4755,0,0,0,0,1
4756,0,0,0,1,1
4757,0,0,0,1,0
4758,0,0,1,0,0
4759,0,0,0,1,0
4760,0,1,0,0,0
4761,0,1,0,1,0
4762,0,0,0,1,0
4763,0,0,0,1,0
4764,0,0,0,0,1
4765,0,0,0,1,1
4766,1,0,0,0,1
4767,0,0,0,1,1
4768,0,0,0,1,1
4769,0,1,0,1,1
4770,0,0,1,0,0
4771,0,0,0,1,0
4772,0,0,0,1,1
4773,0,0,0,0,1
4774,1,0,0,1,1
4775,0,0,0,1,0
4776,0,0,1,0,0
4777,0,0,0,0,1
4778,0,0,0,1,1
4779,0,0,0,0,0
4780,0,0,0,0,1
4781,0,1,0,0,1
4782,0,0,0,1,1
4783,0,0,1,0,1
4784,0,0,0,0,0
4785,0,0,0,1,1
4786,0,0,0,0,0
4787,1,0,0,0,1
4788,0,0,1,0,1
4789,0,0,1,0,0
4790,0,0,0,1,0
4791,0,0,1,1,0
4792,1,0,0,1,0
4793,0,1,0,1,0
4794,0,0,1,1,1
4795,0,0,1,1,0
4796,0,0,0,0,0
4797,0,0,0,0,1
4798,0,0,0,0,1
4799,1,0,0,1,0
4800,0,0,0,1,0
4801,0,0,0,1,0
4802,0,0,0,1,0
4803,0,0,0,1,0
4804,0,0,0,1,0
4805,0,0,0,1,0
4806,0,0,0,1,1
4807,0,0,0,0,1
4808,0,1,0,1,0
4809,0,0,0,1,1
4810,0,0,0,1,1
4811,1,0,0,1,0
4812,0,0,0,0,0
4813,0,0,0,0,0
4814,0,0,0,0,1
4815,0,0,0,0,0
4816,1,0,0,1,1
4817,0,0,1,0,0
4818,0,0,0,0,0
4819,0,1,0,1,1
4820,0,0,0,1,0
4821,1,0,0,0,0
4822,0,0,0,1,1
4823,0,1,0,0,0
4824,0,0,0,0,0
4825,0,0,1,1,0
4826,0,0,0,1,0
4827,1,1,0,1,0
4828,1,0,0,0,1
4829,0,1,0,1,0
4830,1,0,0,0,1
4831,0,0,0,1,1
4832,0,0,0,1,1
4833,0,0,0,0,0
4834,0,0,0,0,0
4835,0,0,0,1,1
4836,0,0,0,1,1
4837,0,1,0,0,1
4838,0,0,0,0,1
4839,1,0,0,0,1
4840,0,0,0,1,1
4841,0,0,0,0,1
4842,0,0,0,1,0
4843,0,0,0,0,0
4844,0,0,0,0,0
4845,0,0,0,1,1
4846,0,0,0,1,1
4847,0,0,0,0,0
4848,0,0,1,0,0
4849,1,0,0,1,1
4850,0,0,0,0,1
4851,0,0,0,1,0
4852,1,0,0,0,1
4853,0,0,0,0,0
4854,0,0,1,1,0
4855,0,0,0,1,1
4856,0,0,0,1,0
4857,0,0,0,0,0
4858,0,0,0,1,1
4859,0,1,0,1,1
4860,0,0,0,1,1
4861,0,0,0,0,1
4862,0,0,1,1,1
4863,1,0,0,0,1
4864,1,0,0,1,0
4865,0,0,0,0,0
4866,0,0,0,0,0
4867,0,0,0,0,1
4868,0,0,0,0,1
4869,0,0,0,1,1
4870,0,0,0,1,1
4871,0,0,1,1,0
4872,0,0,0,0,0
4873,0,0,0,1,0
4874,0,0,0,1,1
4875,0,0,1,1,0
4876,0,0,1,1,1
4877,0,0,1,0,1
4878,1,0,0,1,0
4879,0,0,0,1,1
4880,0,0,1,1,0
4881,0,0,0,0,0
4882,0,0,0,1,0
4883,0,0,0,1,1
4884,0,0,1,0,0
4885,1,0,1,1,1
4886,0,0,0,1,1
4887,0,0,0,1,0
4888,0,0,0,0,0
4889,0,0,0,1,1
4890,1,0,0,1,1
4891,0,0,1,0,1
4892,0,1,0,0,1
4893,1,0,0,1,0
4894,0,0,0,0,1
4895,0,0,0,1,0
4896,0,0,0,1,1
4897,0,0,0,0,0
4898,0,1,0,0,1
4899,0,0,1,1,1
4900,0,1,0,0,1
4901,0,0,0,1,1
4902,1,0,1,1,0
4903,0,0,0,0,0
4904,0,1,0,0,0
4905,0,0,0,0,1
4906,1,0,1,1,0
4907,1,0,0,1,1
4908,0,1,0,1,0
4909,0,0,0,1,0
4910,0,0,1,1,0
4911,0,0,0,1,1
4912,1,0,0,1,0
4913,1,0,0,1,1
4914,0,0,0,1,0
4915,0,0,0,0,0
4916,0,0,0,0,0
4917,0,0,0,1,0
4918,0,0,0,1,1
4919,0,0,0,0,1
4920,0,0,0,1,0
4921,0,0,1,1,1
4922,0,0,0,1,0
4923,0,0,0,1,0
4924,0,0,0,0,1
4925,0,0,1,0,1
4926,0,0,0,0,1
4927,0,0,0,0,0
4928,0,0,1,0,0
4929,1,0,0,0,1
4930,0,0,0,1,0
4931,0,1,0,0,1
4932,0,0,0,1,1
4933,1,0,0,0,0
4934,0,1,0,1,1
4935,0,0,0,1,0
4936,1,0,1,0,1
4937,0,0,0,1,0
4938,0,0,0,1,1
4939,0,1,0,1,1
4940,0,0,0,1,1
4941,0,0,0,1,1
4942,0,1,0,0,1
4943,0,0,1,1,0
4944,0,0,0,1,0
4945,0,0,0,0,1
4946,0,0,0,0,1
4947,0,0,0,0,0
4948,0,0,0,0,1
4949,0,0,0,1,1
4950,1,0,0,1,0
4951,1,0,0,1,1
4952,0,0,0,1,1
4953,0,0,0,0,1
4954,0,0,0,1,0
4955,1,0,0,1,1
4956,0,0,0,1,1
4957,0,0,0,1,0
4958,0,1,0,1,1
4959,0,0,0,1,0
4960,0,0,0,1,0
4961,0,0,0,1,0
4962,0,0,1,1,1
4963,0,0,0,0,0
4964,0,0,0,0,0
4965,1,0,0,0,1
4966,0,0,0,0,1
4967,0,0,0,0,0
4968,0,1,0,1,1
4969,0,1,0,1,0
4970,0,1,0,1,1
4971,0,0,1,1,1
4972,0,0,0,0,0
4973,1,1,0,1,0
4974,0,0,0,1,0
4975,0,0,0,1,0
4976,0,0,0,0,0
4977,0,0,0,0,1
4978,0,0,0,1,1
4979,0,0,1,1,1
4980,1,0,0,1,1
4981,1,0,0,1,1
4982,0,0,0,0,1
4983,0,1,0,0,1
4984,0,0,0,1,1
4985,0,0,0,1,0
4986,0,0,0,1,0
4987,0,0,0,1,0
4988,0,0,0,1,1
4989,0,0,0,0,1
4990,0,0,0,1,1
4991,0,0,0,0,1
4992,0,1,0,1,0
4993,1,0,0,1,0
4994,1,0,0,1,1
4995,1,0,0,1,0
4996,0,0,0,1,1
4997,0,1,0,0,0
4998,0,0,0,0,0
4999,0,0,0,0,0
5000,0,0,1,0,0
5001,0,0,0,1,0
5002,1,0,0,1,0
5003,0,0,0,0,1
5004,0,0,0,1,0
5005,0,0,0,1,1
5006,0,0,0,1,0
5007,0,1,0,1,0
5008,0,0,0,1,1
5009,0,0,0,1,1
5010,0,0,0,1,0
5011,0,0,0,1,1
5012,1,0,0,0,1
5013,0,0,0,0,1
5014,0,0,0,1,1
5015,0,0,0,1,1
5016,0,0,0,1,1
5017,0,0,0,1,1
5018,0,0,0,1,1
5019,0,1,0,1,1
5020,0,0,0,0,0
5021,0,0,0,1,0
5022,0,0,0,1,0
5023,0,0,0,1,1
5024,0,0,0,1,0
5025,0,0,0,1,1
5026,0,0,0,0,1
5027,0,0,0,0,1
5028,1,0,0,0,1
5029,0,0,0,1,1
5030,0,0,0,0,1
5031,0,0,1,0,0
5032,0,1,0,1,1
5033,0,0,0,1,1
5034,0,0,1,1,0
5035,0,0,0,1,0
5036,0,0,0,1,0
5037,0,0,0,1,0
5038,1,0,1,1,1
5039,0,1,0,0,1
5040,0,0,0,1,0
5041,0,0,0,0,1
5042,0,0,0,1,1
5043,0,0,1,0,0
5044,0,0,0,0,1
5045,0,0,0,1,1
5046,0,0,0,0,0
5047,0,0,0,1,0
5048,0,0,0,1,1
5049,1,0,0,1,0
5050,0,0,0,1,0
5051,0,1,0,0,0
5052,1,0,0,0,1
5053,0,0,0,1,1
5054,0,0,0,1,0
5055,0,0,0,0,1
5056,0,1,0,1,0
5057,0,0,0,1,1
5058,0,0,0,1,1
5059,0,0,0,1,0
5060,0,0,0,0,1
5061,1,0,0,0,1
5062,0,0,0,0,1
5063,1,0,0,0,0
5064,0,1,0,1,1
5065,0,0,0,1,1
5066,1,0,0,0,1
5067,0,0,0,0,1
5068,0,0,0,0,0
5069,0,0,1,1,0
5070,0,1,0,1,0
5071,0,0,0,0,1
5072,0,0,0,0,1
5073,0,0,0,0,1
5074,0,0,0,1,0
5075,0,0,0,1,1
5076,0,0,0,1,0
5077,0,0,0,1,1
5078,0,0,0,1,1
5079,0,0,0,1,1
5080,1,1,0,0,1
5081,0,0,1,0,0
5082,0,0,0,0,1
5083,0,1,1,0,1
5084,0,1,0,0,0
5085,1,0,0,0,1
5086,0,1,0,1,0
5087,0,0,0,1,1
5088,1,0,0,1,1
5089,1,0,1,1,1
5090,0,0,0,1,1
5091,0,0,0,1,0
5092,0,1,0,1,0
5093,0,1,0,1,0
5094,0,1,0,1,0
5095,0,0,0,1,0
5096,0,0,0,1,1
5097,0,0,0,0,1
5098,0,0,0,0,0
5099,0,0,0,0,0
5100,1,0,0,1,1
5101,0,0,0,0,1
5102,0,0,0,0,1
5103,0,1,0,1,1
5104,0,0,1,0,0
5105,0,0,0,0,0
5106,0,1,0,1,0
5107,0,0,0,1,0
5108,0,0,0,0,0
5109,0,0,0,1,1
5110,0,1,0,1,1
5111,0,0,1,1,1
5112,0,0,0,0,1
5113,0,0,1,0,0
5114,0,0,0,1,1
5115,0,0,0,0,1
5116,0,0,1,1,1
5117,0,0,0,0,1
5118,0,0,0,1,0
5119,0,0,0,1,1
5120,0,0,0,1,0
5121,0,0,0,1,0
5122,0,0,0,1,0
5123,0,0,0,1,1
5124,0,0,0,0,1
5125,0,0,0,0,1
5126,0,0,0,1,0
5127,0,0,0,1,0
5128,0,0,0,1,0
5129,0,0,0,1,0
5130,1,0,0,1,0
5131,0,0,0,0,1
5132,1,1,0,0,0
5133,0,0,0,1,1
5134,0,0,0,0,0
5135,0,0,0,1,1
5136,0,0,0,1,1
5137,0,0,0,0,0
5138,0,0,0,1,1
5139,0,0,0,0,0
5140,0,0,0,1,1
5141,0,1,0,1,1
5142,1,0,0,1,1
5143,1,0,0,1,1
5144,0,0,0,1,1
5145,0,0,0,0,1
5146,0,0,0,1,1
5147,0,0,0,0,1
5148,0,0,0,1,1
5149,1,0,0,0,0
5150,0,0,0,1,1
5151,0,0,1,1,1
5152,1,0,0,1,1
5153,0,0,0,0,1
5154,1,0,0,0,1
5155,1,0,0,1,0
5156,0,0,0,1,0
5157,0,0,0,1,1
5158,1,0,0,0,0
5159,0,0,0,1,0
5160,1,0,0,1,1
5161,1,1,0,1,1
5162,1,1,0,1,1
5163,1,1,0,1,1
5164,1,1,0,1,1
5165,1,1,0,1,1
5166,1,1,0,1,1
5167,0,0,0,0,1
5168,0,0,0,1,0
5169,0,0,0,1,1
5170,0,0,0,1,1
5171,0,0,0,1,1
5172,1,0,0,1,0
5173,0,0,0,1,0
5174,0,0,0,1,0
5175,0,0,0,1,1
5176,0,1,0,1,0
5177,0,0,0,1,0
5178,0,0,0,1,1
5179,0,0,0,1,0
5180,0,0,1,1,1
5181,1,0,0,1,0
5182,0,0,0,0,1
5183,0,0,1,0,0
5184,1,0,0,0,0
5185,0,0,0,1,1
5186,0,1,0,1,0
5187,0,0,0,1,1
5188,1,0,0,1,1
5189,0,0,0,0,1
5190,1,0,0,1,1
5191,0,0,0,0,0
5192,0,0,0,1,1
5193,0,0,0,0,1
5194,1,0,0,1,0
5195,0,0,0,1,1
5196,1,0,0,1,0
5197,0,0,0,1,1
5198,0,0,0,1,0
5199,0,0,1,1,1
5200,0,0,0,1,1
5201,0,1,0,0,0
5202,0,1,0,1,1
5203,0,0,0,1,1
5204,0,0,0,1,0
5205,0,0,0,1,0
5206,1,0,0,0,0
5207,0,0,0,1,0
5208,0,0,0,1,1
5209,0,0,0,0,0
5210,0,0,0,0,1
5211,0,0,0,1,0
5212,0,0,0,0,0
5213,0,0,0,0,0
5214,0,0,0,1,1
5215,0,0,0,1,0
5216,0,0,0,1,1
5217,1,0,0,0,0
5218,0,0,0,0,0
5219,0,0,0,1,1
5220,0,0,0,0,0
5221,0,1,0,0,1
5222,0,0,0,1,1
5223,0,0,0,1,0
5224,0,0,0,1,0
5225,1,0,0,1,0
5226,0,0,1,0,1
5227,0,1,0,1,0
5228,0,0,0,1,1
5229,0,0,0,0,0
5230,0,0,1,0,0
5231,0,1,0,1,1
5232,0,0,0,1,0
5233,0,0,0,1,0
5234,0,0,0,0,0
5235,1,0,0,0,0
5236,0,0,1,0,1
5237,0,0,0,1,1
5238,1,0,0,1,1
5239,0,0,0,1,1
5240,0,0,0,1,0
5241,0,0,0,1,0
5242,1,0,0,1,1
5243,0,1,0,0,1
5244,0,0,0,1,0
5245,0,0,0,1,0
5246,0,1,0,0,0
5247,0,0,0,1,0
5248,0,0,1,1,1
5249,0,0,0,1,1
5250,0,1,0,1,0
5251,1,0,0,0,0
5252,0,0,0,1,1
5253,0,0,1,1,1
5254,0,0,1,1,0
5255,0,1,0,1,1
5256,1,0,0,0,0
5257,0,0,1,1,0
5258,0,0,0,1,0
5259,0,0,0,1,1
5260,0,0,0,1,1
5261,0,0,0,1,1
5262,0,1,0,1,1
5263,0,0,0,0,1
5264,0,0,0,1,0
5265,0,0,0,0,1
5266,1,0,0,0,0
5267,0,0,0,1,0
5268,0,0,0,1,1
5269,1,0,0,1,0
5270,0,0,0,0,0
5271,0,0,0,1,1
5272,0,1,1,1,0
5273,1,0,0,1,1
5274,1,0,0,1,1
5275,1,0,0,1,1
5276,0,0,0,0,0
5277,0,0,0,1,0
5278,0,0,0,1,0
5279,0,0,1,0,1
5280,0,0,0,1,0
5281,0,0,0,1,1
5282,0,0,0,0,0
5283,0,0,0,0,0
5284,1,0,0,0,0
5285,0,0,0,1,0
5286,0,0,0,1,0
5287,0,0,0,1,1
5288,0,0,0,1,1
5289,0,0,0,0,0
5290,0,0,0,0,0
5291,0,0,0,1,0
5292,0,0,0,0,0
5293,1,0,0,0,1
5294,0,0,0,1,1
5295,0,0,0,1,1
5296,0,1,0,1,1
5297,0,1,0,0,1
5298,0,0,0,1,0
5299,0,0,0,1,0
5300,0,0,0,1,0
5301,0,0,0,0,0
5302,1,0,0,1,0
5303,0,0,1,1,1
5304,0,0,0,0,0
5305,0,0,0,1,1
5306,0,0,0,1,1
5307,0,0,0,0,1
5308,0,0,0,0,1
5309,0,0,0,1,1
5310,1,0,0,1,0
5311,0,0,0,1,1
5312,0,1,1,0,0
5313,0,1,0,1,1
5314,0,1,0,1,0
5315,1,0,0,1,0
5316,0,0,0,0,1
5317,0,0,0,0,1
5318,0,0,0,0,1
5319,0,0,0,1,1
5320,1,0,0,0,1
5321,0,1,1,1,1
5322,1,0,0,1,0
5323,0,0,1,0,0
5324,0,0,0,0,0
5325,0,0,0,1,1
5326,1,0,1,1,1
5327,0,1,0,1,0
5328,0,0,0,0,1
5329,0,0,0,0,1
5330,0,0,0,0,0
5331,0,0,0,0,0
5332,1,0,0,0,0
5333,0,0,0,0,1
5334,1,0,0,0,1
5335,1,0,0,1,0
5336,1,0,0,1,0
5337,0,0,0,0,0
5338,0,0,0,1,1
5339,0,0,0,0,0
5340,0,0,0,1,0
5341,0,0,0,1,0
5342,0,0,0,0,1
5343,0,0,0,1,0
5344,0,0,1,0,1
5345,0,0,0,1,1
5346,0,0,1,0,1
5347,0,0,0,0,1
5348,0,0,0,0,1
5349,1,0,0,0,1
5350,0,0,1,1,0
5351,0,0,0,0,0
5352,1,0,0,0,0
5353,0,0,1,1,1
5354,0,0,0,0,1
5355,0,0,0,1,0
5356,0,0,0,0,0
5357,0,1,0,1,0
5358,0,0,0,0,0
5359,0,0,0,1,1
5360,0,0,0,0,1
5361,0,1,0,1,0
5362,0,0,0,1,1
5363,0,0,0,1,0
5364,0,1,0,0,1
5365,1,0,0,0,1
5366,0,1,0,0,1
5367,0,0,0,1,1
5368,0,0,1,0,0
5369,0,0,0,1,1
5370,1,0,0,0,0
5371,0,0,0,0,1
5372,1,0,0,1,0
5373,0,0,0,0,1
5374,0,0,0,0,1
5375,0,0,0,1,0
5376,0,0,1,1,1
5377,0,0,0,0,1
5378,0,1,0,1,0
5379,0,0,0,1,1
5380,0,0,0,0,1
5381,0,0,1,0,0
5382,0,0,0,0,0
5383,1,0,0,1,1
5384,0,0,0,1,0
5385,1,0,0,0,1
5386,1,0,0,1,0
5387,0,1,0,0,1
5388,0,0,0,1,1
5389,0,0,1,0,0
5390,0,0,0,0,0
5391,0,0,0,1,1
5392,0,1,1,0,1
5393,0,0,0,1,0
5394,0,0,0,1,1
5395,0,0,0,1,0
5396,0,0,0,0,0
5397,1,0,0,0,0
5398,0,0,0,1,1
5399,0,0,0,0,1
5400,0,0,0,1,0
5401,0,0,1,0,0
5402,0,0,1,1,0
5403,0,1,0,1,0
5404,0,0,0,0,1
5405,0,0,0,0,0
5406,0,1,0,0,1
5407,0,0,0,0,0
5408,0,1,0,1,0
5409,0,1,0,1,1
5410,0,0,0,1,0
5411,0,0,0,1,1
5412,1,0,0,1,0
5413,0,1,0,1,0
5414,0,0,0,1,0
5415,0,0,0,1,1
5416,1,0,0,1,1
5417,0,0,0,1,0
5418,0,0,0,0,0
5419,0,0,0,0,0
5420,0,0,0,1,1
5421,0,0,0,0,0
5422,1,0,0,1,1
5423,0,1,1,0,0
5424,0,0,0,1,1
5425,0,0,0,0,0
5426,0,0,0,1,1
5427,0,1,1,1,1
5428,0,0,0,1,0
5429,0,0,0,1,1
5430,0,0,0,1,0
5431,0,0,0,1,1
5432,0,1,0,0,0
5433,0,1,1,0,1
5434,0,1,0,0,0
5435,0,0,0,1,1
5436,1,0,0,1,1
5437,0,0,0,1,0
5438,0,0,1,1,0
5439,0,0,0,0,0
5440,1,0,0,0,0
5441,0,0,0,1,1
5442,0,0,1,1,0
5443,0,0,1,0,1
5444,0,0,0,1,1
5445,0,0,0,0,0
5446,0,0,0,0,1
5447,0,0,0,0,0
5448,0,0,0,1,1
5449,1,0,0,1,0
5450,0,0,0,0,0
5451,0,0,0,0,0
5452,0,0,0,1,1
5453,0,0,0,0,1
5454,0,0,0,1,1
5455,1,0,0,0,1
5456,0,1,0,1,0
5457,0,0,0,1,0
5458,0,0,0,0,0
5459,0,0,0,1,1
5460,0,0,0,0,1
5461,0,0,0,1,0
5462,0,0,0,0,1
5463,1,0,0,0,0
5464,1,0,0,1,1
5465,0,0,0,1,0
5466,0,1,0,1,1
5467,0,0,0,0,1
5468,0,0,0,1,1
5469,0,1,0,1,0
5470,0,1,0,1,1
5471,1,0,0,1,0
5472,0,0,0,0,1
5473,0,0,0,0,0
5474,0,0,0,1,0
5475,1,0,0,1,1
5476,0,0,0,1,0
5477,0,0,0,1,1
5478,1,0,1,0,1
5479,1,0,0,0,0
5480,1,0,0,1,0
5481,0,0,0,1,1
5482,0,0,0,1,1
5483,0,0,0,1,0
5484,0,0,0,1,0
5485,0,0,0,1,1
5486,0,1,0,1,0
5487,0,0,0,0,0
5488,0,0,0,0,0
5489,0,0,0,1,0
5490,0,0,0,0,1
5491,1,0,0,1,0
5492,0,0,1,1,1
5493,0,0,0,0,1
5494,0,0,0,1,0
5495,0,0,1,1,0
5496,0,1,0,0,0
5497,0,0,0,0,0
5498,0,0,0,1,1
5499,0,0,0,0,1
5500,0,0,1,1,1
5501,1,0,0,1,1
5502,0,0,0,1,1
5503,1,0,0,1,1
5504,1,0,0,0,1
5505,0,0,1,1,1
5506,0,0,1,1,1
5507,0,1,0,1,1
5508,0,0,0,1,0
5509,0,0,0,1,1
5510,0,0,0,1,0
5511,0,0,0,1,0
5512,0,0,0,1,1
5513,0,0,1,0,1
5514,0,0,0,0,0
5515,0,0,1,1,1
5516,0,0,1,1,1
5517,0,0,0,1,0
5518,0,0,0,1,1
5519,1,0,0,1,1
5520,0,0,0,1,1
5521,0,0,0,1,0
5522,0,0,0,1,1
5523,0,0,0,1,1
5524,0,0,1,0,0
5525,0,0,0,0,0
5526,0,0,0,0,1
5527,0,0,0,1,1
5528,0,0,0,1,1
5529,0,0,0,1,1
5530,0,0,0,1,1
5531,0,0,0,1,0
5532,0,0,0,1,1
5533,0,0,0,0,1
5534,0,0,1,0,1
5535,0,0,0,1,1
5536,1,0,0,1,1
5537,0,0,0,1,1
5538,0,0,1,0,1
5539,0,0,0,0,1
5540,0,0,0,0,1
5541,0,0,0,1,0
5542,0,0,0,1,1
5543,0,0,0,0,1
5544,0,1,0,0,0
5545,0,0,0,0,0
5546,0,0,0,0,0
5547,0,0,0,1,1
5548,0,0,0,1,1
5549,0,0,0,0,0
5550,1,0,0,1,1
5551,0,0,0,0,0
5552,0,1,0,1,1
5553,1,0,0,1,1
5554,0,0,0,1,1
5555,0,0,0,1,1
5556,1,1,0,1,0
5557,0,0,0,1,1
5558,0,0,1,1,0
5559,0,0,0,0,1
5560,0,0,0,0,1
5561,0,0,1,0,1
5562,0,0,1,0,1
5563,0,0,0,0,0
5564,0,0,0,1,1
5565,0,0,1,1,1
5566,0,0,0,1,1
5567,1,0,0,1,0
5568,0,0,0,1,1
5569,1,0,0,1,0
5570,1,0,0,1,1
5571,0,0,0,0,1
5572,0,0,0,0,1
5573,1,0,0,1,1
5574,0,0,0,1,1
5575,0,0,0,0,0
5576,0,1,0,1,0
5577,0,0,0,1,1
5578,0,0,1,1,0
5579,0,0,0,1,0
5580,0,1,0,0,0
5581,0,0,0,1,1
5582,0,0,0,1,0
5583,0,0,0,0,0
5584,1,0,0,0,1
5585,0,0,0,0,0
5586,0,0,0,1,0
5587,0,0,0,1,0
5588,0,0,0,1,1
5589,0,0,1,0,0
5590,0,0,0,1,1
5591,0,0,0,1,1
5592,0,0,0,0,0
5593,1,0,0,1,1
5594,0,0,0,1,1
5595,0,1,0,1,0
5596,0,0,0,0,1
5597,0,0,0,0,0
5598,0,1,0,1,0
5599,0,1,0,1,0
5600,0,1,0,1,0
5601,1,0,0,1,1
5602,1,0,1,1,0
5603,0,0,1,1,0
5604,0,0,0,0,0
5605,0,0,0,1,0
5606,0,0,0,1,1
5607,0,0,0,1,1
5608,0,0,0,0,1
5609,0,0,0,1,0
5610,1,0,0,1,1
5611,0,0,0,1,0
5612,0,0,0,1,0
5613,0,0,0,1,1
5614,0,0,0,1,0
5615,0,0,0,1,1
5616,0,0,0,1,1
5617,1,0,0,0,0
5618,0,1,0,1,0
5619,0,0,0,1,1
5620,0,0,0,0,0
5621,0,0,1,1,0
5622,0,0,0,1,0
5623,0,1,1,1,1
5624,0,0,0,1,0
5625,0,0,0,1,1
5626,0,0,1,1,1
5627,0,0,0,1,1
5628,1,0,0,0,0
5629,0,0,0,0,0
5630,1,0,0,1,1
5631,0,0,0,1,0
5632,0,0,0,1,1
5633,0,1,0,1,0
5634,0,0,0,0,1
5635,0,0,0,0,0
5636,0,0,0,1,0
5637,0,0,0,1,0
5638,0,0,0,1,0
5639,0,0,0,0,1
5640,0,0,0,1,0
5641,0,0,0,1,0
5642,0,0,0,1,1
5643,0,0,0,1,1
5644,0,0,0,1,0
5645,0,1,0,0,0
5646,0,0,0,1,0
5647,0,1,0,1,0
5648,0,0,0,0,0
5649,0,0,0,1,0
5650,0,0,0,0,1
5651,0,0,0,1,0
5652,0,0,0,1,1
5653,1,0,0,1,1
5654,0,0,0,0,1
5655,0,0,1,1,1
5656,0,0,0,1,1
5657,0,0,0,0,1
5658,1,0,0,1,0
5659,0,0,0,1,1
5660,1,0,0,0,0
5661,1,0,0,0,1
5662,0,1,0,1,0
5663,0,1,0,1,0
5664,0,1,0,1,1
5665,0,0,0,1,1
5666,0,0,0,0,1
5667,0,0,0,1,1
5668,0,0,0,1,0
5669,0,0,0,0,0
5670,0,0,0,0,1
5671,0,0,0,0,1
5672,0,0,0,1,0
5673,0,0,0,0,0
5674,0,0,0,1,0
5675,0,0,1,1,1
5676,0,0,1,0,1
5677,0,1,0,1,0
5678,0,0,0,1,0
5679,0,1,0,1,1
5680,0,0,0,1,0
5681,0,0,0,0,0
5682,0,0,0,1,1
5683,0,0,0,1,0
5684,0,0,1,0,0
5685,0,0,0,0,1
5686,1,0,0,0,0
5687,0,0,1,1,0
5688,0,0,0,1,0
5689,0,0,0,0,0
5690,0,1,0,0,0
5691,0,0,0,1,1
5692,0,0,0,1,1
5693,1,0,0,1,1
5694,1,0,0,1,1
5695,0,0,0,0,1
5696,0,0,0,1,1
5697,0,0,0,0,1
5698,0,0,0,1,1
5699,0,0,0,1,0
5700,0,1,1,1,0
5701,0,0,0,1,1
5702,1,0,0,0,0
5703,0,0,0,0,0
5704,0,0,0,1,1
5705,0,0,1,1,1
5706,0,1,0,1,0
5707,0,1,0,0,1
5708,0,0,0,1,1
5709,0,0,0,1,0
5710,0,0,0,1,0
5711,0,0,0,0,0
5712,0,0,0,0,0
5713,0,0,0,0,0
5714,0,1,1,1,1
5715,0,0,0,1,0
5716,0,0,0,0,1
5717,0,0,0,1,0
5718,0,0,0,1,0
5719,0,0,1,0,1
5720,1,0,0,1,1
5721,0,0,0,1,0
5722,1,0,1,1,1
5723,1,0,0,1,0
5724,0,0,1,1,1
5725,0,0,0,0,0
5726,0,0,1,1,1
5727,0,0,0,1,1
5728,0,0,0,1,0
5729,0,0,0,1,1
5730,0,0,0,0,0
5731,0,0,0,0,1
5732,0,0,0,1,0
5733,0,1,0,0,0
5734,0,0,0,1,1
5735,0,0,0,1,1
5736,0,0,0,0,0
5737,0,0,0,1,1
5738,0,0,0,1,1
5739,0,0,1,1,1
5740,1,0,0,1,1
5741,0,1,0,0,1
5742,0,0,0,1,0
5743,0,0,0,0,1
5744,0,0,0,0,1
5745,0,0,0,1,1
5746,0,0,1,1,1
5747,0,0,0,0,1
5748,0,0,1,1,0
5749,0,1,0,1,0
5750,0,0,0,1,1
5751,0,0,0,1,1
5752,0,0,0,1,0
5753,1,0,0,1,1
5754,1,0,0,1,0
5755,0,0,0,1,0
5756,0,1,0,1,0
5757,1,0,0,1,0
5758,1,0,0,1,0
5759,1,0,0,1,1
5760,0,0,1,1,0
5761,0,0,0,1,0
5762,0,0,0,1,1
5763,0,1,0,1,1
5764,0,0,0,0,1
5765,0,1,0,1,1
5766,0,0,0,1,0
5767,0,0,0,0,0
5768,1,0,0,1,1
5769,0,0,0,1,0
5770,1,0,0,0,0
5771,0,0,0,1,0
5772,1,0,1,1,0
5773,0,0,0,1,0
5774,1,0,1,1,1
5775,0,0,1,1,0
5776,0,0,0,1,0
5777,0,0,0,1,0
5778,0,0,0,1,0
5779,0,0,0,0,0
5780,0,1,0,1,1
5781,1,0,0,1,1
5782,0,1,0,1,0
5783,0,0,1,1,0
5784,0,0,0,0,1
5785,0,0,0,1,0
5786,0,1,0,1,0
5787,0,0,1,1,0
5788,0,1,0,1,1
5789,0,1,0,1,1
5790,0,0,0,1,0
5791,1,0,1,1,1
5792,0,0,0,1,1
5793,0,0,0,1,0
5794,0,0,0,1,0
5795,0,0,0,0,0
5796,0,0,0,1,1
5797,0,0,1,1,0
5798,0,0,0,1,0
5799,0,0,0,1,0
5800,0,0,0,1,0
5801,0,0,1,1,0
5802,0,0,0,0,1
5803,0,0,0,1,0
5804,0,0,0,1,1
5805,0,0,1,1,1
5806,0,0,0,0,0
5807,0,0,0,1,1
5808,0,0,0,1,1
5809,1,0,0,1,0
5810,0,0,0,0,0
5811,0,0,0,0,0
5812,0,0,0,1,1
5813,0,0,0,0,1
5814,0,0,0,0,1
5815,0,0,0,1,1
5816,0,0,0,0,1
5817,0,0,0,1,0
5818,0,0,0,0,1
5819,0,0,0,1,1
5820,0,0,0,1,1
5821,0,0,0,1,1
5822,0,0,0,1,1
5823,0,0,0,1,0
5824,0,0,0,1,0
5825,1,0,0,1,0
5826,1,0,0,1,1
5827,0,0,0,1,1
5828,0,0,1,1,1
5829,0,0,0,0,1
5830,0,0,0,0,0
5831,0,0,0,1,1
5832,0,0,1,1,0
5833,0,0,0,1,1
5834,1,0,0,0,1
5835,0,0,0,1,1
5836,0,0,0,0,1
5837,0,0,0,0,0
5838,0,0,0,1,1
5839,0,1,0,1,0
5840,0,0,0,0,1
5841,0,0,0,0,1
5842,0,0,1,1,0
5843,0,1,0,1,1
5844,0,0,0,0,1
5845,0,0,0,0,0
5846,0,1,0,1,1
5847,0,0,0,1,1
5848,1,0,0,0,0
5849,0,0,0,1,0
5850,0,0,0,0,1
5851,0,0,0,0,0
5852,0,0,1,0,1
5853,0,0,0,0,0
5854,0,0,0,0,0
5855,0,0,0,1,1
5856,0,1,0,1,1
5857,1,0,1,1,0
5858,0,0,0,0,0
5859,0,0,0,1,1
5860,0,0,0,0,1
5861,1,0,0,0,0
5862,1,0,1,1,1
5863,0,0,0,0,1
5864,0,1,0,0,0
5865,0,0,0,1,1
5866,0,0,0,1,0
5867,0,0,0,0,0
5868,0,0,1,0,1
5869,0,0,1,1,0
5870,0,0,0,1,0
5871,0,0,0,1,0
5872,0,0,0,1,0
5873,0,0,0,1,0
5874,0,0,1,1,0
5875,0,1,0,1,1
5876,0,0,0,1,0
5877,0,1,0,1,1
5878,0,0,0,1,1
5879,0,1,0,1,1
5880,1,0,0,0,1
5881,1,0,0,0,0
5882,1,0,0,1,1
5883,0,0,0,0,1
5884,0,0,0,1,1
5885,0,0,0,1,1
5886,0,0,1,1,0
5887,0,0,0,0,1
5888,0,0,0,0,1
5889,0,0,0,0,1
5890,0,0,0,1,0
5891,0,0,0,0,0
5892,0,1,0,1,0
5893,0,1,0,1,0
5894,0,0,0,1,0
5895,0,0,0,0,1
5896,1,0,0,1,0
5897,0,0,1,0,0
5898,1,0,0,0,0
5899,1,0,0,0,1
5900,0,0,1,1,1
5901,0,0,1,1,1
5902,0,0,0,1,0
5903,0,0,0,1,0
5904,0,0,0,0,0
5905,0,0,0,1,0
5906,0,0,0,0,0
5907,0,0,0,0,0
5908,0,0,0,1,1
5909,1,0,0,1,0
5910,0,1,0,1,1
5911,0,0,0,0,0
5912,0,1,0,1,0
5913,0,1,0,1,1
5914,0,1,0,1,0
5915,0,0,0,1,0
5916,0,0,0,0,0
5917,0,0,0,1,0
5918,0,0,0,0,1
5919,0,0,0,0,1
5920,1,0,0,1,1
5921,0,0,0,0,1
5922,0,1,1,1,0
5923,0,0,0,1,1
5924,0,0,0,1,0
5925,0,0,0,1,1
5926,0,0,0,1,1
5927,0,0,0,1,1
5928,0,0,0,0,1
5929,0,0,0,0,0
5930,0,0,0,0,1
5931,0,0,0,0,1
5932,0,0,1,0,0
5933,0,0,0,0,0
5934,0,0,0,0,0
5935,0,0,0,1,1
5936,1,0,0,0,1
5937,0,0,1,1,0
5938,0,0,0,1,0
5939,0,0,0,1,1
5940,0,0,0,1,1
5941,1,0,0,0,0
5942,0,0,0,1,1
5943,0,0,0,1,0
5944,0,0,0,1,1
5945,0,0,0,1,1
5946,0,0,0,1,0
5947,0,0,0,1,1
5948,0,0,0,1,0
5949,0,0,0,1,1
5950,0,0,0,0,0
5951,0,0,0,1,1
5952,0,0,0,1,1
5953,0,0,0,1,1
5954,0,0,0,1,0
5955,0,0,0,0,0
5956,0,0,0,1,1
5957,0,1,0,0,1
5958,0,0,0,1,0
5959,0,0,0,1,0
5960,1,0,0,0,0
5961,1,0,1,0,1
5962,0,0,0,0,1
5963,0,0,0,0,0
5964,0,1,0,1,1
5965,0,0,0,1,1
5966,0,0,0,1,1
5967,0,0,0,1,1
5968,0,0,0,1,0
5969,0,0,0,0,0
5970,0,0,0,0,1
5971,1,0,1,1,1
5972,0,0,0,1,1
5973,0,1,0,1,0
5974,0,0,0,1,1
5975,0,1,0,0,0
5976,0,0,0,1,0
5977,0,0,0,1,1
5978,0,0,1,1,1
5979,0,0,0,0,1
5980,0,0,0,1,0
5981,0,0,0,1,1
5982,0,0,0,0,1
5983,1,0,0,1,0
5984,1,0,0,1,0
5985,0,0,1,0,0
5986,0,0,1,0,0
5987,0,0,0,1,1
5988,0,0,0,1,0
5989,0,0,0,1,0
5990,0,0,0,0,1
5991,1,0,0,0,1
5992,0,0,0,1,0
5993,0,0,0,1,1
5994,0,1,0,1,0
5995,0,0,0,0,0
5996,0,0,0,0,1
5997,1,0,0,1,0
5998,0,0,0,0,1
5999,0,0,1,0,1
6000,0,0,1,0,0
6001,0,0,0,1,1
6002,0,0,0,0,1
6003,0,1,0,0,0
6004,0,0,1,0,1
6005,0,0,0,1,0
6006,0,0,0,1,1
6007,0,0,0,0,1
6008,0,1,0,0,1
6009,0,0,1,1,0
6010,0,0,0,1,1
6011,0,0,0,1,0
6012,0,0,0,0,1
6013,1,0,0,1,0
6014,0,0,0,1,1
6015,0,0,0,0,1
6016,0,1,0,1,1
6017,0,1,0,0,1
6018,0,0,0,1,0
6019,0,0,0,0,1
6020,0,0,0,1,0
6021,0,0,0,0,1
6022,0,0,1,0,1
6023,0,1,1,0,1
6024,1,0,1,1,1
6025,1,0,1,0,1
6026,0,0,0,1,1
6027,0,0,0,0,1
6028,1,0,0,0,0
6029,0,0,0,0,1
6030,0,0,0,0,1
6031,0,0,1,1,1
6032,0,0,1,1,1
6033,0,0,0,0,1
6034,0,0,0,0,0
6035,0,0,0,1,0
6036,0,0,0,1,1
6037,0,0,1,1,0
6038,0,0,0,1,1
6039,0,0,1,0,0
6040,0,0,1,1,1
6041,0,0,0,0,1
6042,0,0,0,1,1
6043,0,1,0,0,1
6044,0,0,1,0,0
6045,0,0,0,1,1
6046,0,0,0,0,1
6047,0,0,0,0,0
6048,0,0,0,1,0
6049,1,0,0,1,0
6050,0,0,1,1,1
6051,0,1,0,1,1
6052,0,0,0,1,0
6053,0,1,0,1,1
6054,0,0,0,1,0
6055,0,0,1,1,0
6056,0,0,0,0,1
6057,0,0,0,0,1
6058,0,0,0,1,0
6059,1,0,0,0,1
6060,0,0,0,1,0
6061,0,0,0,1,1
6062,0,0,0,1,1
6063,0,0,0,0,0
6064,0,0,0,1,1
6065,1,0,0,1,1
6066,0,0,0,1,1
6067,0,0,0,1,1
6068,0,0,1,1,0
6069,0,0,0,0,1
6070,0,0,0,0,0
6071,0,0,0,1,1
6072,0,1,0,1,1
6073,0,0,1,1,1
6074,0,0,0,1,0
6075,0,0,0,0,1
6076,0,0,0,0,1
6077,1,0,0,1,1
6078,0,0,1,1,1
6079,0,0,0,1,1
6080,0,0,1,0,1
6081,0,1,0,0,1
6082,0,0,0,1,0
6083,1,0,0,0,1
6084,0,0,0,0,1
6085,0,0,0,1,1
6086,0,0,0,1,0
6087,0,0,0,0,1
6088,0,0,0,1,1
6089,0,0,0,0,1
6090,1,0,0,0,1
6091,0,0,0,1,0
6092,1,0,0,1,1
6093,0,0,0,1,0
6094,0,0,0,1,0
6095,0,0,0,0,1
6096,0,0,0,1,1
6097,0,0,0,1,0
6098,0,0,0,1,1
6099,0,0,0,1,0
6100,0,0,0,0,1
6101,0,0,0,1,0
6102,0,0,0,1,1
6103,0,0,0,1,0
6104,0,1,0,0,1
6105,0,0,0,1,1
6106,0,0,0,0,0
6107,0,0,0,0,1
6108,0,0,1,1,1
6109,0,0,0,1,1
6110,0,0,0,1,1
6111,0,0,0,0,1
6112,0,0,0,1,0
6113,0,0,0,0,1
6114,1,0,1,1,0
6115,0,0,1,1,1
6116,0,0,0,0,1
6117,0,0,0,1,1
6118,0,0,0,1,1
6119,0,0,0,1,1
6120,0,0,0,1,1
6121,0,1,0,0,0
6122,0,0,1,0,0
6123,0,0,1,1,1
6124,0,0,0,0,0
6125,1,1,0,1,0
6126,0,0,0,1,1
6127,1,0,0,1,1
6128,1,0,0,0,0
6129,0,0,0,1,0
6130,0,0,0,0,1
6131,0,0,0,0,0
6132,0,0,0,1,1
6133,0,0,0,1,1
6134,0,0,0,1,1
6135,0,1,0,1,1
6136,0,0,0,0,0
6137,1,0,0,0,1
6138,1,0,0,1,0
6139,0,1,0,1,1
6140,0,0,0,1,1
6141,0,0,0,1,1
6142,0,0,0,1,1
6143,0,0,1,0,0
6144,0,0,0,0,1
6145,0,0,0,1,0
6146,0,0,0,0,0
6147,0,0,0,1,1
6148,1,0,0,0,0
6149,1,0,0,1,1
6150,0,0,0,1,1
6151,0,0,0,1,0
6152,0,1,0,1,1
6153,0,0,0,1,0
6154,0,0,0,0,1
6155,0,0,0,0,1
6156,1,0,0,0,0
6157,0,0,0,1,1
6158,0,0,0,1,0
6159,0,0,1,1,1
6160,0,0,0,1,1
6161,0,1,0,0,0
6162,0,0,0,1,1
6163,0,0,0,1,1
6164,0,0,0,1,1
6165,0,0,0,1,1
6166,0,0,0,1,0
6167,0,0,0,1,1
6168,0,0,0,1,1
6169,1,0,0,1,0
6170,1,0,0,0,1
6171,0,0,1,1,0
6172,0,1,0,1,1
6173,0,0,0,1,1
6174,0,0,0,1,1
6175,0,0,0,1,0
6176,0,0,0,1,0
6177,1,0,0,0,0
6178,0,0,0,1,0
6179,0,0,1,1,0
6180,0,0,0,1,1
6181,0,1,0,1,1
6182,0,0,0,1,1
6183,0,0,0,1,0
